	id	treatment	condition	day	bwc	burON	hr	hrv	temp	act
1	Ca_001	Transmitter	Carprofen	-1	100	71.9411639195878	453.559633027523	12.4321537037037	36.6116513761468	1064.84
2	Ca_001	Transmitter	Carprofen	0	87.5	44.6915351506456	660.589743589744	2.05186120689655	36.1839316239316	125.54
3	Ca_001	Transmitter	Carprofen	1	90.7608695652174	97.6394849785408	584.917431192661	4.84386666666666	37.4976146788991	407.34
4	Ca_001	Transmitter	Carprofen	2	92.9347826086957	99.0084985835694	538.036697247706	6.76795648148148	37.1374311926606	351.64
5	Ca_001	Transmitter	Carprofen	3	94.0217391304348	NA	482.155963302752	7.07286481481481	36.7105504587156	286.28
6	Ca_001	Transmitter	Carprofen	4	94.0217391304348	69.1601976005646	525.522935779817	7.13493981481481	37.0835779816514	387.3
7	Ca_001	Transmitter	Carprofen	5	96.7391304347826	NA	478.897196261682	7.16862962962963	36.6375700934579	897.8
8	Ca_001	Transmitter	Carprofen	6	97.8260869565217	NA	NA	NA	NA	NA
9	Ca_001	Transmitter	Carprofen	7	98.9130434782609	52.7324343506033	472.284403669725	7.69036203703703	36.3188073394495	707.06
10	Ca_001	Transmitter	Carprofen	8	98.9130434782609	NA	NA	NA	NA	NA
11	Ca_001	Transmitter	Carprofen	9	103.260869565217	NA	NA	NA	NA	NA
12	Ca_001	Transmitter	Carprofen	10	105.434782608696	NA	NA	NA	NA	NA
13	Ca_001	Transmitter	Carprofen	11	104.891304347826	NA	NA	NA	NA	NA
14	Ca_001	Transmitter	Carprofen	12	105.434782608696	NA	NA	NA	NA	NA
15	Ca_001	Transmitter	Carprofen	13	107.608695652174	NA	NA	NA	NA	NA
16	Ca_001	Transmitter	Carprofen	14	110.326086956522	NA	469.45871559633	11.8682592592593	36.5098165137615	899.08
17	Ca_001	Transmitter	Carprofen	15	110.326086956522	NA	NA	NA	NA	NA
18	Ca_001	Transmitter	Carprofen	16	108.152173913043	NA	NA	NA	NA	NA
19	Ca_001	Transmitter	Carprofen	17	109.239130434783	NA	NA	NA	NA	NA
20	Ca_001	Transmitter	Carprofen	18	110.869565217391	NA	NA	NA	NA	NA
21	Ca_001	Transmitter	Carprofen	19	113.586956521739	NA	NA	NA	NA	NA
22	Ca_001	Transmitter	Carprofen	20	113.586956521739	NA	NA	NA	NA	NA
23	Ca_001	Transmitter	Carprofen	21	111.95652173913	NA	NA	NA	NA	NA
24	Ca_001	Transmitter	Carprofen	22	114.130434782609	NA	NA	NA	NA	NA
25	Ca_001	Transmitter	Carprofen	23	109.239130434783	NA	NA	NA	NA	NA
26	Ca_001	Transmitter	Carprofen	24	115.760869565217	NA	NA	NA	NA	NA
27	Ca_001	Transmitter	Carprofen	25	113.586956521739	NA	NA	NA	NA	NA
28	Ca_001	Transmitter	Carprofen	26	114.130434782609	NA	NA	NA	NA	NA
29	Ca_001	Transmitter	Carprofen	27	113.04347826087	NA	NA	NA	NA	NA
30	Ca_001	Transmitter	Carprofen	28	114.67	NA	453.559633027523	12.4321537037037	36.6116513761468	1064.84
31	Ca_003	Transmitter	Carprofen	-1	100	94.368420838574	458.788990825688	17.4258185185185	36.681376146789	644.9
32	Ca_003	Transmitter	Carprofen	0	87.2448979591837	0	680.281818181818	1.41015925925926	35.6962727272727	202.86
33	Ca_003	Transmitter	Carprofen	1	87.2448979591837	54.1784702549575	623.110091743119	3.2924	37.2016513761468	168.68
34	Ca_003	Transmitter	Carprofen	2	89.7959183673469	100	579.256880733945	6.2634712962963	37.4130275229358	402.2
35	Ca_003	Transmitter	Carprofen	3	92.8571428571428	NA	491.605504587156	9.38808518518518	36.6187155963303	354.36
36	Ca_003	Transmitter	Carprofen	4	95.9183673469388	95.8156028368794	515.614678899083	9.96189166666666	36.985871559633	457.04
37	Ca_003	Transmitter	Carprofen	5	97.9591836734694	NA	461.869158878505	10.7747277777778	36.5705607476635	613.38
38	Ca_003	Transmitter	Carprofen	6	99.4897959183673	NA	NA	NA	NA	NA
39	Ca_003	Transmitter	Carprofen	7	102.040816326531	97.921146953405	488.192660550459	10.3427962962963	36.5275229357798	740.76
40	Ca_003	Transmitter	Carprofen	8	102.551020408163	NA	NA	NA	NA	NA
41	Ca_003	Transmitter	Carprofen	9	101.020408163265	NA	NA	NA	NA	NA
42	Ca_003	Transmitter	Carprofen	10	103.571428571429	NA	NA	NA	NA	NA
43	Ca_003	Transmitter	Carprofen	11	106.122448979592	NA	NA	NA	NA	NA
44	Ca_003	Transmitter	Carprofen	12	105.612244897959	NA	NA	NA	NA	NA
45	Ca_003	Transmitter	Carprofen	13	105.102040816327	NA	NA	NA	NA	NA
46	Ca_003	Transmitter	Carprofen	14	107.65306122449	NA	474.211009174312	14.8073925925926	36.507247706422	686.4
47	Ca_003	Transmitter	Carprofen	15	109.69387755102	NA	NA	NA	NA	NA
48	Ca_003	Transmitter	Carprofen	16	107.65306122449	NA	NA	NA	NA	NA
49	Ca_003	Transmitter	Carprofen	17	108.163265306122	NA	NA	NA	NA	NA
50	Ca_003	Transmitter	Carprofen	18	108.673469387755	NA	NA	NA	NA	NA
51	Ca_003	Transmitter	Carprofen	19	110.204081632653	NA	NA	NA	NA	NA
52	Ca_003	Transmitter	Carprofen	20	111.734693877551	NA	NA	NA	NA	NA
53	Ca_003	Transmitter	Carprofen	21	110.714285714286	NA	NA	NA	NA	NA
54	Ca_003	Transmitter	Carprofen	22	110.204081632653	NA	NA	NA	NA	NA
55	Ca_003	Transmitter	Carprofen	23	111.734693877551	NA	NA	NA	NA	NA
56	Ca_003	Transmitter	Carprofen	24	112.755102040816	NA	NA	NA	NA	NA
57	Ca_003	Transmitter	Carprofen	25	112.755102040816	NA	NA	NA	NA	NA
58	Ca_003	Transmitter	Carprofen	26	112.244897959184	NA	NA	NA	NA	NA
59	Ca_003	Transmitter	Carprofen	27	111.224489795918	NA	NA	NA	NA	NA
60	Ca_003	Transmitter	Carprofen	28	114.79	NA	458.788990825688	17.4258185185185	36.681376146789	644.9
61	Ca_006	Transmitter	Carprofen	-1	100	81.4786553272076	454.201834862385	13.9006757009346	36.4744036697248	1063.86
62	Ca_006	Transmitter	Carprofen	0	89.8477157360406	20.5440229062276	688.18	1.61135670103093	35.7853	115.19
63	Ca_006	Transmitter	Carprofen	1	89.3401015228426	72.4856321839081	608.403669724771	4.86896851851852	37.2871559633027	193.75
64	Ca_006	Transmitter	Carprofen	2	89.8477157360406	79.4579172610556	537.174311926605	7.49999259259259	36.9628440366972	528.03
65	Ca_006	Transmitter	Carprofen	3	90.8629441624365	NA	483.449541284404	8.48848796296296	36.8211926605505	490.75
66	Ca_006	Transmitter	Carprofen	4	90.8629441624365	71.4592274678112	521.238532110092	7.58865462962963	37.0177064220183	576.54
67	Ca_006	Transmitter	Carprofen	5	95.9390862944162	NA	449.560747663551	9.04116759259259	36.3951401869159	612.85
68	Ca_006	Transmitter	Carprofen	6	93.9086294416244	NA	NA	NA	NA	NA
69	Ca_006	Transmitter	Carprofen	7	97.4619289340101	87.4731567644953	443.660550458716	10.8125703703704	36.4378899082569	563.02
70	Ca_006	Transmitter	Carprofen	8	97.4619289340101	NA	NA	NA	NA	NA
71	Ca_006	Transmitter	Carprofen	9	100	NA	NA	NA	NA	NA
72	Ca_006	Transmitter	Carprofen	10	102.030456852792	NA	NA	NA	NA	NA
73	Ca_006	Transmitter	Carprofen	11	101.522842639594	NA	NA	NA	NA	NA
74	Ca_006	Transmitter	Carprofen	12	102.030456852792	NA	NA	NA	NA	NA
75	Ca_006	Transmitter	Carprofen	13	104.060913705584	NA	NA	NA	NA	NA
76	Ca_006	Transmitter	Carprofen	14	106.598984771574	NA	474.752293577982	12.6994962616822	36.5453211009174	957.3
77	Ca_006	Transmitter	Carprofen	15	107.61421319797	NA	NA	NA	NA	NA
78	Ca_006	Transmitter	Carprofen	16	106.598984771574	NA	NA	NA	NA	NA
79	Ca_006	Transmitter	Carprofen	17	107.106598984772	NA	NA	NA	NA	NA
80	Ca_006	Transmitter	Carprofen	18	107.106598984772	NA	NA	NA	NA	NA
81	Ca_006	Transmitter	Carprofen	19	109.137055837563	NA	NA	NA	NA	NA
82	Ca_006	Transmitter	Carprofen	20	110.659898477157	NA	NA	NA	NA	NA
83	Ca_006	Transmitter	Carprofen	21	111.675126903553	NA	NA	NA	NA	NA
84	Ca_006	Transmitter	Carprofen	22	114.213197969543	NA	NA	NA	NA	NA
85	Ca_006	Transmitter	Carprofen	23	115.736040609137	NA	NA	NA	NA	NA
86	Ca_006	Transmitter	Carprofen	24	115.228426395939	NA	NA	NA	NA	NA
87	Ca_006	Transmitter	Carprofen	25	115.228426395939	NA	NA	NA	NA	NA
88	Ca_006	Transmitter	Carprofen	26	114.213197969543	NA	NA	NA	NA	NA
89	Ca_006	Transmitter	Carprofen	27	112.690355329949	NA	NA	NA	NA	NA
90	Ca_006	Transmitter	Carprofen	28	110.66	NA	454.201834862385	13.9006757009346	36.4744036697248	1063.86
91	Ca_008	Transmitter	Carprofen	-1	100	100	478.110091743119	13.1386101851852	36.6155963302752	795.46
92	Ca_008	Transmitter	Carprofen	0	87.7551020408163	1.78826895565092	673.912087912088	2.29353707865169	35.61	122.38
93	Ca_008	Transmitter	Carprofen	1	86.2244897959184	57.2961373390558	615.100917431193	5.13800648148148	37.4915596330275	110.81
94	Ca_008	Transmitter	Carprofen	2	88.265306122449	100	543.761467889908	6.23684537037037	37.2315596330275	548.23
95	Ca_008	Transmitter	Carprofen	3	87.7551020408163	NA	496.706422018349	6.17143611111111	36.7887155963303	213.08
96	Ca_008	Transmitter	Carprofen	4	89.7959183673469	100	535.018348623853	6.03876851851852	36.9033027522936	226
97	Ca_008	Transmitter	Carprofen	5	93.8775510204081	NA	500.607476635514	6.99159259259259	36.8923364485981	425.84
98	Ca_008	Transmitter	Carprofen	6	92.8571428571428	NA	NA	NA	NA	NA
99	Ca_008	Transmitter	Carprofen	7	92.8571428571428	100	501.614678899083	7.80755370370371	36.6032110091743	484.48
100	Ca_008	Transmitter	Carprofen	8	95.9183673469388	NA	NA	NA	NA	NA
101	Ca_008	Transmitter	Carprofen	9	98.9795918367347	NA	NA	NA	NA	NA
102	Ca_008	Transmitter	Carprofen	10	100.510204081633	NA	NA	NA	NA	NA
103	Ca_008	Transmitter	Carprofen	11	101.530612244898	NA	NA	NA	NA	NA
104	Ca_008	Transmitter	Carprofen	12	100.510204081633	NA	NA	NA	NA	NA
105	Ca_008	Transmitter	Carprofen	13	102.040816326531	NA	NA	NA	NA	NA
106	Ca_008	Transmitter	Carprofen	14	103.571428571429	NA	476.807339449541	14.2203546296296	36.4744036697248	539.98
107	Ca_008	Transmitter	Carprofen	15	104.591836734694	NA	NA	NA	NA	NA
108	Ca_008	Transmitter	Carprofen	16	107.142857142857	NA	NA	NA	NA	NA
109	Ca_008	Transmitter	Carprofen	17	105.102040816327	NA	NA	NA	NA	NA
110	Ca_008	Transmitter	Carprofen	18	106.632653061224	NA	NA	NA	NA	NA
111	Ca_008	Transmitter	Carprofen	19	107.142857142857	NA	NA	NA	NA	NA
112	Ca_008	Transmitter	Carprofen	20	108.163265306122	NA	NA	NA	NA	NA
113	Ca_008	Transmitter	Carprofen	21	110.714285714286	NA	NA	NA	NA	NA
114	Ca_008	Transmitter	Carprofen	22	108.163265306122	NA	NA	NA	NA	NA
115	Ca_008	Transmitter	Carprofen	23	109.183673469388	NA	NA	NA	NA	NA
116	Ca_008	Transmitter	Carprofen	24	109.69387755102	NA	NA	NA	NA	NA
117	Ca_008	Transmitter	Carprofen	25	109.183673469388	NA	NA	NA	NA	NA
118	Ca_008	Transmitter	Carprofen	26	109.69387755102	NA	NA	NA	NA	NA
119	Ca_008	Transmitter	Carprofen	27	107.142857142857	NA	NA	NA	NA	NA
120	Ca_008	Transmitter	Carprofen	28	108.67	NA	478.110091743119	13.1386101851852	36.6155963302752	795.46
121	Ca_009	Transmitter	Carprofen	-1	100	100	465.788990825688	8.47116944444444	36.5166055045872	653.21
122	Ca_009	Transmitter	Carprofen	0	84.5454545454546	14.9786019971469	604.83185840708	2.28647321428571	36.2744247787611	107.82
123	Ca_009	Transmitter	Carprofen	1	86.3636363636364	64.8320228734811	529.211009174312	3.74727962962963	37.3757798165138	143.4
124	Ca_009	Transmitter	Carprofen	2	87.7272727272727	79.6561604584527	504.908256880734	4.80816481481482	37.0815596330275	169
125	Ca_009	Transmitter	Carprofen	3	91.3636363636364	NA	485.54128440367	4.92600740740741	36.9170642201835	293.8
126	Ca_009	Transmitter	Carprofen	4	92.2727272727273	94.2569992821249	545.348623853211	4.39993888888889	37.1821100917431	353
127	Ca_009	Transmitter	Carprofen	5	94.0909090909091	NA	485.201834862385	5.00841944444445	36.7833027522936	447
128	Ca_009	Transmitter	Carprofen	6	94.5454545454546	NA	NA	NA	NA	NA
129	Ca_009	Transmitter	Carprofen	7	95.9090909090909	100	463.871559633028	6.3333712962963	36.5868807339449	1075.48
130	Ca_009	Transmitter	Carprofen	8	97.7272727272727	NA	NA	NA	NA	NA
131	Ca_009	Transmitter	Carprofen	9	100.454545454545	NA	NA	NA	NA	NA
132	Ca_009	Transmitter	Carprofen	10	102.272727272727	NA	NA	NA	NA	NA
133	Ca_009	Transmitter	Carprofen	11	97.7272727272727	NA	NA	NA	NA	NA
134	Ca_009	Transmitter	Carprofen	12	100.454545454545	NA	NA	NA	NA	NA
135	Ca_009	Transmitter	Carprofen	13	104.545454545455	NA	NA	NA	NA	NA
136	Ca_009	Transmitter	Carprofen	14	104.545454545455	NA	480.05504587156	6.48667685185185	36.642752293578	1018.74
137	Ca_009	Transmitter	Carprofen	15	107.272727272727	NA	NA	NA	NA	NA
138	Ca_009	Transmitter	Carprofen	16	105	NA	NA	NA	NA	NA
139	Ca_009	Transmitter	Carprofen	17	104.545454545455	NA	NA	NA	NA	NA
140	Ca_009	Transmitter	Carprofen	18	106.363636363636	NA	NA	NA	NA	NA
141	Ca_009	Transmitter	Carprofen	19	108.181818181818	NA	NA	NA	NA	NA
142	Ca_009	Transmitter	Carprofen	20	110	NA	NA	NA	NA	NA
143	Ca_009	Transmitter	Carprofen	21	106.818181818182	NA	NA	NA	NA	NA
144	Ca_009	Transmitter	Carprofen	22	109.090909090909	NA	NA	NA	NA	NA
145	Ca_009	Transmitter	Carprofen	23	110.454545454545	NA	NA	NA	NA	NA
146	Ca_009	Transmitter	Carprofen	24	109.090909090909	NA	NA	NA	NA	NA
147	Ca_009	Transmitter	Carprofen	25	110.909090909091	NA	NA	NA	NA	NA
148	Ca_009	Transmitter	Carprofen	26	109.545454545455	NA	NA	NA	NA	NA
149	Ca_009	Transmitter	Carprofen	27	110	NA	NA	NA	NA	NA
150	Ca_009	Transmitter	Carprofen	28	111.36	NA	465.788990825688	8.47116944444444	36.5166055045872	653.21
151	Ca_011	Transmitter	Carprofen	-1	100	98.5685649987088	426.146788990826	17.8166833333333	36.0811009174312	641.13
152	Ca_011	Transmitter	Carprofen	0	90.2912621359223	65.7466383581033	653.676470588235	4.12159207920792	36.5207843137255	110.9
153	Ca_011	Transmitter	Carprofen	1	93.2038834951456	100	554.155963302752	7.11167314814815	37.295871559633	709.76
154	Ca_011	Transmitter	Carprofen	2	94.1747572815534	92.4297043979813	514.256880733945	9.42098981481481	37.0311009174312	275.96
155	Ca_011	Transmitter	Carprofen	3	97.0873786407767	NA	473.935779816514	9.15005092592592	36.7260550458716	559.84
156	Ca_011	Transmitter	Carprofen	4	100.485436893204	88.5877318116976	513.990825688073	9.75553518518518	37.0636697247706	779.5
157	Ca_011	Transmitter	Carprofen	5	98.5436893203883	NA	482.201834862385	9.15097777777778	36.7017431192661	672.8
158	Ca_011	Transmitter	Carprofen	6	100.485436893204	NA	NA	NA	NA	NA
159	Ca_011	Transmitter	Carprofen	7	99.5145631067961	99.1465149359886	464.532110091743	11.9480824074074	36.642752293578	829.86
160	Ca_011	Transmitter	Carprofen	8	101.456310679612	NA	NA	NA	NA	NA
161	Ca_011	Transmitter	Carprofen	9	102.427184466019	NA	NA	NA	NA	NA
162	Ca_011	Transmitter	Carprofen	10	102.912621359223	NA	NA	NA	NA	NA
163	Ca_011	Transmitter	Carprofen	11	104.368932038835	NA	NA	NA	NA	NA
164	Ca_011	Transmitter	Carprofen	12	103.398058252427	NA	NA	NA	NA	NA
165	Ca_011	Transmitter	Carprofen	13	104.854368932039	NA	NA	NA	NA	NA
166	Ca_011	Transmitter	Carprofen	14	106.31067961165	NA	449.009174311927	15.3573277777778	36.2057798165138	838.84
167	Ca_011	Transmitter	Carprofen	15	105.339805825243	NA	NA	NA	NA	NA
168	Ca_011	Transmitter	Carprofen	16	106.31067961165	NA	NA	NA	NA	NA
169	Ca_011	Transmitter	Carprofen	17	105.825242718447	NA	NA	NA	NA	NA
170	Ca_011	Transmitter	Carprofen	18	107.766990291262	NA	NA	NA	NA	NA
171	Ca_011	Transmitter	Carprofen	19	107.766990291262	NA	NA	NA	NA	NA
172	Ca_011	Transmitter	Carprofen	20	107.766990291262	NA	NA	NA	NA	NA
173	Ca_011	Transmitter	Carprofen	21	108.252427184466	NA	NA	NA	NA	NA
174	Ca_011	Transmitter	Carprofen	22	109.223300970874	NA	NA	NA	NA	NA
175	Ca_011	Transmitter	Carprofen	23	107.766990291262	NA	NA	NA	NA	NA
176	Ca_011	Transmitter	Carprofen	24	110.194174757282	NA	NA	NA	NA	NA
177	Ca_011	Transmitter	Carprofen	25	109.223300970874	NA	NA	NA	NA	NA
178	Ca_011	Transmitter	Carprofen	26	110.679611650485	NA	NA	NA	NA	NA
179	Ca_011	Transmitter	Carprofen	27	108.73786407767	NA	NA	NA	NA	NA
180	Ca_011	Transmitter	Carprofen	28	113.11	NA	426.146788990826	17.8166833333333	36.0811009174312	641.13
181	Ca_013	Transmitter	Carprofen	-1	100	100	433.660550458716	12.5345305555556	36.2785321100917	803.51
182	Ca_013	Transmitter	Carprofen	0	91.8918918918919	31.4854299928927	646	4.04480659340659	36.4533695652174	34.87
183	Ca_013	Transmitter	Carprofen	1	96.2162162162162	72.6293103448276	545.816513761468	7.05972592592593	37.1477064220184	178.18
184	Ca_013	Transmitter	Carprofen	2	96.7567567567567	96.0085531004989	514.495412844037	7.63398518518518	37.0774311926606	154
185	Ca_013	Transmitter	Carprofen	3	95.6756756756757	NA	485.596330275229	7.73696481481481	36.8094495412844	284.06
186	Ca_013	Transmitter	Carprofen	4	98.3783783783784	100	538.192660550459	7.45820277777777	37.015504587156	285.18
187	Ca_013	Transmitter	Carprofen	5	97.2972972972973	NA	476.018348623853	7.78815925925926	36.4278899082569	379.16
188	Ca_013	Transmitter	Carprofen	6	100	NA	NA	NA	NA	NA
189	Ca_013	Transmitter	Carprofen	7	100.540540540541	85.2459016393443	459.770642201835	9.04773611111111	36.4726605504587	498.58
190	Ca_013	Transmitter	Carprofen	8	102.702702702703	NA	NA	NA	NA	NA
191	Ca_013	Transmitter	Carprofen	9	103.243243243243	NA	NA	NA	NA	NA
192	Ca_013	Transmitter	Carprofen	10	102.162162162162	NA	NA	NA	NA	NA
193	Ca_013	Transmitter	Carprofen	11	104.324324324324	NA	NA	NA	NA	NA
194	Ca_013	Transmitter	Carprofen	12	107.567567567568	NA	NA	NA	NA	NA
195	Ca_013	Transmitter	Carprofen	13	108.108108108108	NA	NA	NA	NA	NA
196	Ca_013	Transmitter	Carprofen	14	106.486486486486	NA	439.477064220183	14.1691712962963	36.3459633027523	880.66
197	Ca_013	Transmitter	Carprofen	15	108.108108108108	NA	NA	NA	NA	NA
198	Ca_013	Transmitter	Carprofen	16	110.27027027027	NA	NA	NA	NA	NA
199	Ca_013	Transmitter	Carprofen	17	112.432432432432	NA	NA	NA	NA	NA
200	Ca_013	Transmitter	Carprofen	18	112.432432432432	NA	NA	NA	NA	NA
201	Ca_013	Transmitter	Carprofen	19	108.648648648649	NA	NA	NA	NA	NA
202	Ca_013	Transmitter	Carprofen	20	110.810810810811	NA	NA	NA	NA	NA
203	Ca_013	Transmitter	Carprofen	21	111.891891891892	NA	NA	NA	NA	NA
204	Ca_013	Transmitter	Carprofen	22	112.972972972973	NA	NA	NA	NA	NA
205	Ca_013	Transmitter	Carprofen	23	109.189189189189	NA	NA	NA	NA	NA
206	Ca_013	Transmitter	Carprofen	24	111.891891891892	NA	NA	NA	NA	NA
207	Ca_013	Transmitter	Carprofen	25	103.243243243243	NA	NA	NA	NA	NA
208	Ca_013	Transmitter	Carprofen	26	113.513513513514	NA	NA	NA	NA	NA
209	Ca_013	Transmitter	Carprofen	27	112.432432432432	NA	NA	NA	NA	NA
210	Ca_013	Transmitter	Carprofen	28	112.432432432432	NA	433.660550458716	12.5345305555556	36.2785321100917	803.51
211	TM+B06	Transmitter	Metamizol	-1	100	93.1575196008553	456.229357798165	13.4704321100917	35.5992660550459	591.1
212	TM+B06	Transmitter	Metamizol	0	91.4572864321608	39.4718058529622	584.495652173913	3.27705384615385	34.1033043478261	91.06
213	TM+B06	Transmitter	Metamizol	1	88.9447236180905	74.1058655221745	552.862385321101	5.59559082568807	37.1700917431193	198.46
214	TM+B06	Transmitter	Metamizol	2	87.9396984924623	100	509.201834862385	6.08636880733945	36.9073394495413	305.66
215	TM+B06	Transmitter	Metamizol	3	87.4371859296482	NA	457.422018348624	6.70457155963303	36.2809174311926	322.26
216	TM+B06	Transmitter	Metamizol	4	90.4522613065327	95.711222301644	538.366972477064	6.38300733944954	36.8789908256881	482.86
217	TM+B06	Transmitter	Metamizol	5	92.964824120603	NA	468.43119266055	7.93331743119266	36.5416513761468	511.66
218	TM+B06	Transmitter	Metamizol	6	94.4723618090452	NA	NA	NA	NA	NA
219	TM+B06	Transmitter	Metamizol	7	95.9798994974875	95.3769559032717	443.128440366972	10.3310302752294	36.0389908256881	538.86
220	TM+B06	Transmitter	Metamizol	8	96.9849246231156	NA	NA	NA	NA	NA
221	TM+B06	Transmitter	Metamizol	9	98.9949748743719	NA	NA	NA	NA	NA
222	TM+B06	Transmitter	Metamizol	10	101.507537688442	NA	NA	NA	NA	NA
223	TM+B06	Transmitter	Metamizol	11	99.4974874371859	NA	NA	NA	NA	NA
224	TM+B06	Transmitter	Metamizol	12	101.005025125628	NA	NA	NA	NA	NA
225	TM+B06	Transmitter	Metamizol	13	103.015075376884	NA	NA	NA	NA	NA
226	TM+B06	Transmitter	Metamizol	14	103.517587939699	NA	404.256880733945	16.6370678899083	35.6929357798165	660.06
227	TM+B06	Transmitter	Metamizol	15	104.020100502513	NA	NA	NA	NA	NA
228	TM+B06	Transmitter	Metamizol	16	103.015075376884	NA	NA	NA	NA	NA
229	TM+B06	Transmitter	Metamizol	17	102.010050251256	NA	NA	NA	NA	NA
230	TM+B06	Transmitter	Metamizol	18	105.025125628141	NA	NA	NA	NA	NA
231	TM+B06	Transmitter	Metamizol	19	105.025125628141	NA	NA	NA	NA	NA
232	TM+B06	Transmitter	Metamizol	20	105.025125628141	NA	NA	NA	NA	NA
233	TM+B06	Transmitter	Metamizol	21	105.025125628141	NA	NA	NA	NA	NA
234	TM+B06	Transmitter	Metamizol	22	105.527638190955	NA	NA	NA	NA	NA
235	TM+B06	Transmitter	Metamizol	23	104.020100502513	NA	NA	NA	NA	NA
236	TM+B06	Transmitter	Metamizol	24	106.532663316583	NA	NA	NA	NA	NA
237	TM+B06	Transmitter	Metamizol	25	109.547738693467	NA	NA	NA	NA	NA
238	TM+B06	Transmitter	Metamizol	26	102.010050251256	NA	NA	NA	NA	NA
239	TM+B06	Transmitter	Metamizol	27	108.542713567839	NA	NA	NA	NA	NA
240	TM+B06	Transmitter	Metamizol	28	111.06	NA	456.229357798165	13.4704321100917	35.5992660550459	591.1
241	TM+B07	Transmitter	Metamizol	-1	100	89.0886852358564	461.009174311927	14.9378247706422	36.56	760.58
242	TM+B07	Transmitter	Metamizol	0	90.2439024390244	44.1910192444761	674.900900900901	3.54236486486486	37.1484684684685	85.6600000000001
243	TM+B07	Transmitter	Metamizol	1	90.2439024390244	79.6573875802998	560.440366972477	5.65788623853211	37.4154128440367	405.46
244	TM+B07	Transmitter	Metamizol	2	92.1951219512195	77.6664280601289	551.706422018349	6.73196605504587	37.5062385321101	287.26
245	TM+B07	Transmitter	Metamizol	3	93.6585365853659	NA	477.091743119266	8.11624311926605	36.6337614678899	397.86
246	TM+B07	Transmitter	Metamizol	4	98.0487804878049	82.3402727925341	533.788990825688	7.23793211009174	36.954495412844	795.26
247	TM+B07	Transmitter	Metamizol	5	98.0487804878049	NA	487.467889908257	9.24084403669725	36.8240366972477	452.86
248	TM+B07	Transmitter	Metamizol	6	98.0487804878049	NA	NA	NA	NA	NA
249	TM+B07	Transmitter	Metamizol	7	99.0243902439024	100	445.155963302752	13.5523899082569	36.5924770642202	609.06
250	TM+B07	Transmitter	Metamizol	8	100.487804878049	NA	NA	NA	NA	NA
251	TM+B07	Transmitter	Metamizol	9	101.463414634146	NA	NA	NA	NA	NA
252	TM+B07	Transmitter	Metamizol	10	101.951219512195	NA	NA	NA	NA	NA
253	TM+B07	Transmitter	Metamizol	11	102.439024390244	NA	NA	NA	NA	NA
254	TM+B07	Transmitter	Metamizol	12	101.951219512195	NA	NA	NA	NA	NA
255	TM+B07	Transmitter	Metamizol	13	103.90243902439	NA	NA	NA	NA	NA
256	TM+B07	Transmitter	Metamizol	14	104.390243902439	NA	474.266055045872	13.5435100917431	36.3703669724771	741.009999999999
257	TM+B07	Transmitter	Metamizol	15	105.365853658537	NA	NA	NA	NA	NA
258	TM+B07	Transmitter	Metamizol	16	104.878048780488	NA	NA	NA	NA	NA
259	TM+B07	Transmitter	Metamizol	17	105.365853658537	NA	NA	NA	NA	NA
260	TM+B07	Transmitter	Metamizol	18	106.341463414634	NA	NA	NA	NA	NA
261	TM+B07	Transmitter	Metamizol	19	108.780487804878	NA	NA	NA	NA	NA
262	TM+B07	Transmitter	Metamizol	20	105.365853658537	NA	NA	NA	NA	NA
263	TM+B07	Transmitter	Metamizol	21	106.341463414634	NA	NA	NA	NA	NA
264	TM+B07	Transmitter	Metamizol	22	106.341463414634	NA	NA	NA	NA	NA
265	TM+B07	Transmitter	Metamizol	23	108.780487804878	NA	NA	NA	NA	NA
266	TM+B07	Transmitter	Metamizol	24	106.829268292683	NA	NA	NA	NA	NA
267	TM+B07	Transmitter	Metamizol	25	107.317073170732	NA	NA	NA	NA	NA
268	TM+B07	Transmitter	Metamizol	26	106.829268292683	NA	NA	NA	NA	NA
269	TM+B07	Transmitter	Metamizol	27	106.829268292683	NA	NA	NA	NA	NA
270	TM+B07	Transmitter	Metamizol	28	109.76	NA	461.009174311927	14.9378247706422	36.56	760.58
271	TM+B08	Transmitter	Metamizol	-1	100	86.9222713710903	427.559633027523	16.7875467889908	36.6575229357798	2154.48
272	TM+B08	Transmitter	Metamizol	0	86.2745098039216	23.2474964234621	597.077669902913	6.5314932038835	36.6939805825243	188.66
273	TM+B08	Transmitter	Metamizol	1	89.7058823529412	75.5555555555556	516.128440366972	8.6142880733945	37.1975229357798	252.26
274	TM+B08	Transmitter	Metamizol	2	92.6470588235294	94.8424068767908	510.165137614679	7.52109082568807	37.2922018348624	384.66
275	TM+B08	Transmitter	Metamizol	3	91.1764705882353	NA	484.220183486239	6.63507981651376	36.9166972477064	455.06
276	TM+B08	Transmitter	Metamizol	4	95.5882352941177	91.3509649749821	530.825688073395	7.54107706422019	37.2635779816514	789.259999999999
277	TM+B08	Transmitter	Metamizol	5	98.5294117647059	NA	483.807339449541	8.20758348623853	36.6711926605505	742.859999999999
278	TM+B08	Transmitter	Metamizol	6	98.5294117647059	NA	NA	NA	NA	NA
279	TM+B08	Transmitter	Metamizol	7	98.5294117647059	92.9849677881174	479.119266055046	12.4121889908257	36.7255963302752	646.859999999999
280	TM+B08	Transmitter	Metamizol	8	99.5098039215686	NA	NA	NA	NA	NA
281	TM+B08	Transmitter	Metamizol	9	101.470588235294	NA	NA	NA	NA	NA
282	TM+B08	Transmitter	Metamizol	10	105.392156862745	NA	NA	NA	NA	NA
283	TM+B08	Transmitter	Metamizol	11	104.901960784314	NA	NA	NA	NA	NA
284	TM+B08	Transmitter	Metamizol	12	104.411764705882	NA	NA	NA	NA	NA
285	TM+B08	Transmitter	Metamizol	13	105.392156862745	NA	NA	NA	NA	NA
286	TM+B08	Transmitter	Metamizol	14	107.843137254902	NA	442.51376146789	16.6167266055046	36.3538532110092	1405.15
287	TM+B08	Transmitter	Metamizol	15	110.78431372549	NA	NA	NA	NA	NA
288	TM+B08	Transmitter	Metamizol	16	102.941176470588	NA	NA	NA	NA	NA
289	TM+B08	Transmitter	Metamizol	17	110.78431372549	NA	NA	NA	NA	NA
290	TM+B08	Transmitter	Metamizol	18	108.823529411765	NA	NA	NA	NA	NA
291	TM+B08	Transmitter	Metamizol	19	110.294117647059	NA	NA	NA	NA	NA
292	TM+B08	Transmitter	Metamizol	20	108.823529411765	NA	NA	NA	NA	NA
293	TM+B08	Transmitter	Metamizol	21	108.333333333333	NA	NA	NA	NA	NA
294	TM+B08	Transmitter	Metamizol	22	108.823529411765	NA	NA	NA	NA	NA
295	TM+B08	Transmitter	Metamizol	23	108.823529411765	NA	NA	NA	NA	NA
296	TM+B08	Transmitter	Metamizol	24	110.78431372549	NA	NA	NA	NA	NA
297	TM+B08	Transmitter	Metamizol	25	111.274509803922	NA	NA	NA	NA	NA
298	TM+B08	Transmitter	Metamizol	26	108.333333333333	NA	NA	NA	NA	NA
299	TM+B08	Transmitter	Metamizol	27	109.313725490196	NA	NA	NA	NA	NA
300	TM+B08	Transmitter	Metamizol	28	110.29	NA	427.559633027523	16.7875467889908	36.6575229357798	2154.48
301	TM+B09	Transmitter	Metamizol	-1	100	80.1817282173541	439.770642201835	16.631223853211	36.2755963302752	1408.15
302	TM+B09	Transmitter	Metamizol	0	91.6256157635468	43.3975731620271	590.591836734694	5.57251354166667	35.5360204081633	81.26
303	TM+B09	Transmitter	Metamizol	1	90.6403940886699	50.8595988538682	607.54128440367	4.99481834862385	37.465871559633	168.06
304	TM+B09	Transmitter	Metamizol	2	92.6108374384236	81.5506101938263	535.238532110092	5.96069633027523	37.1698165137615	316.06
305	TM+B09	Transmitter	Metamizol	3	93.103448275862	NA	512.651376146789	5.37892844036697	36.7687155963303	352.06
306	TM+B09	Transmitter	Metamizol	4	98.5221674876847	89.2627057981389	551.422018348624	5.9714	37.0946788990826	624.86
307	TM+B09	Transmitter	Metamizol	5	99.5073891625616	NA	510.201834862385	7.33662018348624	36.8087155963303	740.449999999999
308	TM+B09	Transmitter	Metamizol	6	100.492610837438	NA	NA	NA	NA	NA
309	TM+B09	Transmitter	Metamizol	7	98.5221674876847	96.137339055794	485.688073394495	10.8521376146789	36.5668807339449	916.259999999999
310	TM+B09	Transmitter	Metamizol	8	104.433497536946	NA	NA	NA	NA	NA
311	TM+B09	Transmitter	Metamizol	9	103.940886699507	NA	NA	NA	NA	NA
312	TM+B09	Transmitter	Metamizol	10	107.389162561576	NA	NA	NA	NA	NA
313	TM+B09	Transmitter	Metamizol	11	105.911330049261	NA	NA	NA	NA	NA
314	TM+B09	Transmitter	Metamizol	12	107.389162561576	NA	NA	NA	NA	NA
315	TM+B09	Transmitter	Metamizol	13	109.35960591133	NA	NA	NA	NA	NA
316	TM+B09	Transmitter	Metamizol	14	111.822660098522	NA	453.311926605505	15.0234550458716	36.2237614678899	1862.16
317	TM+B09	Transmitter	Metamizol	15	110.837438423645	NA	NA	NA	NA	NA
318	TM+B09	Transmitter	Metamizol	16	108.866995073892	NA	NA	NA	NA	NA
319	TM+B09	Transmitter	Metamizol	17	110.344827586207	NA	NA	NA	NA	NA
320	TM+B09	Transmitter	Metamizol	18	112.315270935961	NA	NA	NA	NA	NA
321	TM+B09	Transmitter	Metamizol	19	113.300492610837	NA	NA	NA	NA	NA
322	TM+B09	Transmitter	Metamizol	20	114.285714285714	NA	NA	NA	NA	NA
323	TM+B09	Transmitter	Metamizol	21	112.315270935961	NA	NA	NA	NA	NA
324	TM+B09	Transmitter	Metamizol	22	113.300492610837	NA	NA	NA	NA	NA
325	TM+B09	Transmitter	Metamizol	23	112.315270935961	NA	NA	NA	NA	NA
326	TM+B09	Transmitter	Metamizol	24	113.300492610837	NA	NA	NA	NA	NA
327	TM+B09	Transmitter	Metamizol	25	115.270935960591	NA	NA	NA	NA	NA
328	TM+B09	Transmitter	Metamizol	26	113.793103448276	NA	NA	NA	NA	NA
329	TM+B09	Transmitter	Metamizol	27	113.300492610837	NA	NA	NA	NA	NA
330	TM+B09	Transmitter	Metamizol	28	113.79	NA	439.770642201835	16.631223853211	36.2755963302752	1408.15
331	TM+B10	Transmitter	Metamizol	-1	100	95.6934086926655	443.54128440367	15.237695412844	36.5585321100917	1340.22
332	TM+B10	Transmitter	Metamizol	0	90.9090909090909	3.8488952245189	652.879120879121	4.4404934065934	37.3545054945055	266.66
333	TM+B10	Transmitter	Metamizol	1	91.4141414141414	50.2861230329042	568.94495412844	5.83032935779816	37.5204587155963	347.86
334	TM+B10	Transmitter	Metamizol	2	93.9393939393939	91.4101646385111	514.770642201835	8.02809541284403	37.3366972477064	284.26
335	TM+B10	Transmitter	Metamizol	3	92.9292929292929	NA	500.605504587156	8.62046513761468	37.0271559633027	698.25
336	TM+B10	Transmitter	Metamizol	4	95.4545454545455	87.8484631879914	529.94495412844	7.18899724770642	36.8146788990826	436.66
337	TM+B10	Transmitter	Metamizol	5	96.969696969697	NA	452.752293577982	9.39565963302752	36.4646788990825	819.059999999999
338	TM+B10	Transmitter	Metamizol	6	97.979797979798	NA	NA	NA	NA	NA
339	TM+B10	Transmitter	Metamizol	7	99.4949494949495	76.3364219529579	445.871559633028	12.8917275229358	36.5834862385321	683.86
340	TM+B10	Transmitter	Metamizol	8	101.010101010101	NA	NA	NA	NA	NA
341	TM+B10	Transmitter	Metamizol	9	102.525252525253	NA	NA	NA	NA	NA
342	TM+B10	Transmitter	Metamizol	10	105.555555555556	NA	NA	NA	NA	NA
343	TM+B10	Transmitter	Metamizol	11	105.050505050505	NA	NA	NA	NA	NA
344	TM+B10	Transmitter	Metamizol	12	104.545454545455	NA	NA	NA	NA	NA
345	TM+B10	Transmitter	Metamizol	13	106.565656565657	NA	NA	NA	NA	NA
346	TM+B10	Transmitter	Metamizol	14	107.070707070707	NA	430.220183486239	14.8274302752294	36.173119266055	1227.64
347	TM+B10	Transmitter	Metamizol	15	109.090909090909	NA	NA	NA	NA	NA
348	TM+B10	Transmitter	Metamizol	16	109.090909090909	NA	NA	NA	NA	NA
349	TM+B10	Transmitter	Metamizol	17	106.060606060606	NA	NA	NA	NA	NA
350	TM+B10	Transmitter	Metamizol	18	110.10101010101	NA	NA	NA	NA	NA
351	TM+B10	Transmitter	Metamizol	19	111.616161616162	NA	NA	NA	NA	NA
352	TM+B10	Transmitter	Metamizol	20	110.606060606061	NA	NA	NA	NA	NA
353	TM+B10	Transmitter	Metamizol	21	110.10101010101	NA	NA	NA	NA	NA
354	TM+B10	Transmitter	Metamizol	22	110.10101010101	NA	NA	NA	NA	NA
355	TM+B10	Transmitter	Metamizol	23	112.121212121212	NA	NA	NA	NA	NA
356	TM+B10	Transmitter	Metamizol	24	112.626262626263	NA	NA	NA	NA	NA
357	TM+B10	Transmitter	Metamizol	25	111.616161616162	NA	NA	NA	NA	NA
358	TM+B10	Transmitter	Metamizol	26	111.616161616162	NA	NA	NA	NA	NA
359	TM+B10	Transmitter	Metamizol	27	112.626262626263	NA	NA	NA	NA	NA
360	TM+B10	Transmitter	Metamizol	28	113.13	NA	443.54128440367	15.237695412844	36.5585321100917	1340.22
361	TM+B11	Transmitter	Metamizol	-1	100	90.2090852609248	471.834862385321	14.5750321100917	36.5588073394495	1234.26
362	TM+B11	Transmitter	Metamizol	0	88.7254901960785	0	641.851851851852	3.6042	36.6372839506173	248.66
363	TM+B11	Transmitter	Metamizol	1	88.7254901960785	79.0368271954674	624.752293577982	5.61537064220183	37.5169724770642	359.66
364	TM+B11	Transmitter	Metamizol	2	89.2156862745098	88.872936109117	514.642201834862	6.97791376146789	37.2364220183486	599.66
365	TM+B11	Transmitter	Metamizol	3	91.6666666666667	NA	454.348623853211	6.71123394495413	36.7184403669725	597.86
366	TM+B11	Transmitter	Metamizol	4	95.0980392156863	91.6014234875445	503.788990825688	8.1877	37.0744036697248	1294.26
367	TM+B11	Transmitter	Metamizol	5	95.5882352941177	NA	457.844036697248	8.98987064220184	36.7129357798165	855.07
368	TM+B11	Transmitter	Metamizol	6	95.5882352941177	NA	NA	NA	NA	NA
369	TM+B11	Transmitter	Metamizol	7	97.0588235294118	86.7002156721783	455.94495412844	11.0430660550459	36.5611926605505	683.26
370	TM+B11	Transmitter	Metamizol	8	99.0196078431373	NA	NA	NA	NA	NA
371	TM+B11	Transmitter	Metamizol	9	100.980392156863	NA	NA	NA	NA	NA
372	TM+B11	Transmitter	Metamizol	10	100.980392156863	NA	NA	NA	NA	NA
373	TM+B11	Transmitter	Metamizol	11	101.470588235294	NA	NA	NA	NA	NA
374	TM+B11	Transmitter	Metamizol	12	101.470588235294	NA	NA	NA	NA	NA
375	TM+B11	Transmitter	Metamizol	13	104.411764705882	NA	NA	NA	NA	NA
376	TM+B11	Transmitter	Metamizol	14	104.901960784314	NA	457.51376146789	16.6759449541284	36.3475229357798	1472.35
377	TM+B11	Transmitter	Metamizol	15	100.980392156863	NA	NA	NA	NA	NA
378	TM+B11	Transmitter	Metamizol	16	102.450980392157	NA	NA	NA	NA	NA
379	TM+B11	Transmitter	Metamizol	17	102.941176470588	NA	NA	NA	NA	NA
380	TM+B11	Transmitter	Metamizol	18	104.901960784314	NA	NA	NA	NA	NA
381	TM+B11	Transmitter	Metamizol	19	105.882352941176	NA	NA	NA	NA	NA
382	TM+B11	Transmitter	Metamizol	20	107.352941176471	NA	NA	NA	NA	NA
383	TM+B11	Transmitter	Metamizol	21	107.352941176471	NA	NA	NA	NA	NA
384	TM+B11	Transmitter	Metamizol	22	105.392156862745	NA	NA	NA	NA	NA
385	TM+B11	Transmitter	Metamizol	23	105.392156862745	NA	NA	NA	NA	NA
386	TM+B11	Transmitter	Metamizol	24	108.333333333333	NA	NA	NA	NA	NA
387	TM+B11	Transmitter	Metamizol	25	109.803921568627	NA	NA	NA	NA	NA
388	TM+B11	Transmitter	Metamizol	26	107.352941176471	NA	NA	NA	NA	NA
389	TM+B11	Transmitter	Metamizol	27	108.333333333333	NA	NA	NA	NA	NA
390	TM+B11	Transmitter	Metamizol	28	109.31	NA	471.834862385321	14.5750321100917	36.5588073394495	1234.26
391	Ca_002	Sham	Carprofen	-1	100	90.4500271323566	NA	NA	NA	NA
392	Ca_002	Sham	Carprofen	0	97.8142076502732	82.2094691535151	NA	NA	NA	NA
393	Ca_002	Sham	Carprofen	1	96.7213114754098	88.135593220339	NA	NA	NA	NA
394	Ca_002	Sham	Carprofen	2	97.2677595628415	94.1342756183746	NA	NA	NA	NA
395	Ca_002	Sham	Carprofen	3	97.8142076502732	NA	NA	NA	NA	NA
396	Ca_002	Sham	Carprofen	4	99.4535519125683	92.6846590909091	NA	NA	NA	NA
397	Ca_002	Sham	Carprofen	5	102.732240437158	NA	NA	NA	NA	NA
398	Ca_002	Sham	Carprofen	6	99.4535519125683	NA	NA	NA	NA	NA
399	Ca_002	Sham	Carprofen	7	97.2677595628415	90.5270655270655	NA	NA	NA	NA
400	Ca_002	Sham	Carprofen	8	101.092896174863	NA	NA	NA	NA	NA
401	Ca_002	Sham	Carprofen	9	102.732240437158	NA	NA	NA	NA	NA
402	Ca_002	Sham	Carprofen	10	103.27868852459	NA	NA	NA	NA	NA
403	Ca_002	Sham	Carprofen	11	101.092896174863	NA	NA	NA	NA	NA
404	Ca_002	Sham	Carprofen	12	102.732240437158	NA	NA	NA	NA	NA
405	Ca_002	Sham	Carprofen	13	104.918032786885	NA	NA	NA	NA	NA
406	Ca_002	Sham	Carprofen	14	106.010928961749	NA	NA	NA	NA	NA
407	Ca_002	Sham	Carprofen	15	107.103825136612	NA	NA	NA	NA	NA
408	Ca_002	Sham	Carprofen	16	106.010928961749	NA	NA	NA	NA	NA
409	Ca_002	Sham	Carprofen	17	104.918032786885	NA	NA	NA	NA	NA
410	Ca_002	Sham	Carprofen	18	107.103825136612	NA	NA	NA	NA	NA
411	Ca_002	Sham	Carprofen	19	108.743169398907	NA	NA	NA	NA	NA
412	Ca_002	Sham	Carprofen	20	107.650273224044	NA	NA	NA	NA	NA
413	Ca_002	Sham	Carprofen	21	107.650273224044	NA	NA	NA	NA	NA
414	Ca_002	Sham	Carprofen	22	109.289617486339	NA	NA	NA	NA	NA
415	Ca_002	Sham	Carprofen	23	108.196721311475	NA	NA	NA	NA	NA
416	Ca_002	Sham	Carprofen	24	108.743169398907	NA	NA	NA	NA	NA
417	Ca_002	Sham	Carprofen	25	108.196721311475	NA	NA	NA	NA	NA
418	Ca_002	Sham	Carprofen	26	108.196721311475	NA	NA	NA	NA	NA
419	Ca_002	Sham	Carprofen	27	109.83606557377	NA	NA	NA	NA	NA
420	Ca_002	Sham	Carprofen	28	113.66	NA	NA	NA	NA	NA
421	Ca_004	Sham	Carprofen	-1	100	96.8252339881201	NA	NA	NA	NA
422	Ca_004	Sham	Carprofen	0	97.9274611398964	100	NA	NA	NA	NA
423	Ca_004	Sham	Carprofen	1	97.9274611398964	96.3924963924964	NA	NA	NA	NA
424	Ca_004	Sham	Carprofen	2	100	96.3041933191187	NA	NA	NA	NA
425	Ca_004	Sham	Carprofen	3	99.4818652849741	NA	NA	NA	NA	NA
426	Ca_004	Sham	Carprofen	4	97.9274611398964	87.6978417266187	NA	NA	NA	NA
427	Ca_004	Sham	Carprofen	5	101.036269430052	NA	NA	NA	NA	NA
428	Ca_004	Sham	Carprofen	6	99.4818652849741	NA	NA	NA	NA	NA
429	Ca_004	Sham	Carprofen	7	99.4818652849741	97.5106685633001	NA	NA	NA	NA
430	Ca_004	Sham	Carprofen	8	102.072538860104	NA	NA	NA	NA	NA
431	Ca_004	Sham	Carprofen	9	103.108808290155	NA	NA	NA	NA	NA
432	Ca_004	Sham	Carprofen	10	105.181347150259	NA	NA	NA	NA	NA
433	Ca_004	Sham	Carprofen	11	104.145077720207	NA	NA	NA	NA	NA
434	Ca_004	Sham	Carprofen	12	105.181347150259	NA	NA	NA	NA	NA
435	Ca_004	Sham	Carprofen	13	106.217616580311	NA	NA	NA	NA	NA
436	Ca_004	Sham	Carprofen	14	108.290155440414	NA	NA	NA	NA	NA
437	Ca_004	Sham	Carprofen	15	106.217616580311	NA	NA	NA	NA	NA
438	Ca_004	Sham	Carprofen	16	107.772020725389	NA	NA	NA	NA	NA
439	Ca_004	Sham	Carprofen	17	109.844559585492	NA	NA	NA	NA	NA
440	Ca_004	Sham	Carprofen	18	108.80829015544	NA	NA	NA	NA	NA
441	Ca_004	Sham	Carprofen	19	107.253886010363	NA	NA	NA	NA	NA
442	Ca_004	Sham	Carprofen	20	108.80829015544	NA	NA	NA	NA	NA
443	Ca_004	Sham	Carprofen	21	109.844559585492	NA	NA	NA	NA	NA
444	Ca_004	Sham	Carprofen	22	110.880829015544	NA	NA	NA	NA	NA
445	Ca_004	Sham	Carprofen	23	108.290155440414	NA	NA	NA	NA	NA
446	Ca_004	Sham	Carprofen	24	111.917098445596	NA	NA	NA	NA	NA
447	Ca_004	Sham	Carprofen	25	110.880829015544	NA	NA	NA	NA	NA
448	Ca_004	Sham	Carprofen	26	114.507772020725	NA	NA	NA	NA	NA
449	Ca_004	Sham	Carprofen	27	111.917098445596	NA	NA	NA	NA	NA
450	Ca_004	Sham	Carprofen	28	109.33	NA	NA	NA	NA	NA
451	Ca_007	Sham	Carprofen	-1	100	91.4665771894911	NA	NA	NA	NA
452	Ca_007	Sham	Carprofen	0	97.6744186046512	84.9206349206349	NA	NA	NA	NA
453	Ca_007	Sham	Carprofen	1	97.6744186046512	97.780959198282	NA	NA	NA	NA
454	Ca_007	Sham	Carprofen	2	98.2558139534884	99.0647482014388	NA	NA	NA	NA
455	Ca_007	Sham	Carprofen	3	98.2558139534884	NA	NA	NA	NA	NA
456	Ca_007	Sham	Carprofen	4	98.2558139534884	95.4448398576512	NA	NA	NA	NA
457	Ca_007	Sham	Carprofen	5	101.744186046512	NA	NA	NA	NA	NA
458	Ca_007	Sham	Carprofen	6	98.2558139534884	NA	NA	NA	NA	NA
459	Ca_007	Sham	Carprofen	7	102.325581395349	82.4285714285714	NA	NA	NA	NA
460	Ca_007	Sham	Carprofen	8	100.581395348837	NA	NA	NA	NA	NA
461	Ca_007	Sham	Carprofen	9	104.06976744186	NA	NA	NA	NA	NA
462	Ca_007	Sham	Carprofen	10	103.488372093023	NA	NA	NA	NA	NA
463	Ca_007	Sham	Carprofen	11	100.581395348837	NA	NA	NA	NA	NA
464	Ca_007	Sham	Carprofen	12	101.744186046512	NA	NA	NA	NA	NA
465	Ca_007	Sham	Carprofen	13	103.488372093023	NA	NA	NA	NA	NA
466	Ca_007	Sham	Carprofen	14	105.813953488372	NA	NA	NA	NA	NA
467	Ca_007	Sham	Carprofen	15	105.813953488372	NA	NA	NA	NA	NA
468	Ca_007	Sham	Carprofen	16	105.232558139535	NA	NA	NA	NA	NA
469	Ca_007	Sham	Carprofen	17	104.651162790698	NA	NA	NA	NA	NA
470	Ca_007	Sham	Carprofen	18	105.232558139535	NA	NA	NA	NA	NA
471	Ca_007	Sham	Carprofen	19	108.720930232558	NA	NA	NA	NA	NA
472	Ca_007	Sham	Carprofen	20	105.813953488372	NA	NA	NA	NA	NA
473	Ca_007	Sham	Carprofen	21	108.139534883721	NA	NA	NA	NA	NA
474	Ca_007	Sham	Carprofen	22	108.139534883721	NA	NA	NA	NA	NA
475	Ca_007	Sham	Carprofen	23	111.046511627907	NA	NA	NA	NA	NA
476	Ca_007	Sham	Carprofen	24	111.046511627907	NA	NA	NA	NA	NA
477	Ca_007	Sham	Carprofen	25	109.302325581395	NA	NA	NA	NA	NA
478	Ca_007	Sham	Carprofen	26	109.302325581395	NA	NA	NA	NA	NA
479	Ca_007	Sham	Carprofen	27	109.883720930233	NA	NA	NA	NA	NA
480	Ca_007	Sham	Carprofen	28	111.63	NA	NA	NA	NA	NA
481	Ca_010	Sham	Carprofen	-1	100	98.8522238163558	NA	NA	NA	NA
482	Ca_010	Sham	Carprofen	0	98.9528795811518	100	NA	NA	NA	NA
483	Ca_010	Sham	Carprofen	1	99.4764397905759	100	NA	NA	NA	NA
484	Ca_010	Sham	Carprofen	2	100	92.1108742004264	NA	NA	NA	NA
485	Ca_010	Sham	Carprofen	3	100	NA	NA	NA	NA	NA
486	Ca_010	Sham	Carprofen	4	100	100	NA	NA	NA	NA
487	Ca_010	Sham	Carprofen	5	100	NA	NA	NA	NA	NA
488	Ca_010	Sham	Carprofen	6	101.570680628272	NA	NA	NA	NA	NA
489	Ca_010	Sham	Carprofen	7	98.4293193717277	100	NA	NA	NA	NA
490	Ca_010	Sham	Carprofen	8	101.570680628272	NA	NA	NA	NA	NA
491	Ca_010	Sham	Carprofen	9	102.61780104712	NA	NA	NA	NA	NA
492	Ca_010	Sham	Carprofen	10	102.61780104712	NA	NA	NA	NA	NA
493	Ca_010	Sham	Carprofen	11	102.094240837696	NA	NA	NA	NA	NA
494	Ca_010	Sham	Carprofen	12	104.188481675393	NA	NA	NA	NA	NA
495	Ca_010	Sham	Carprofen	13	105.235602094241	NA	NA	NA	NA	NA
496	Ca_010	Sham	Carprofen	14	106.806282722513	NA	NA	NA	NA	NA
497	Ca_010	Sham	Carprofen	15	104.188481675393	NA	NA	NA	NA	NA
498	Ca_010	Sham	Carprofen	16	107.853403141361	NA	NA	NA	NA	NA
499	Ca_010	Sham	Carprofen	17	105.759162303665	NA	NA	NA	NA	NA
500	Ca_010	Sham	Carprofen	18	109.424083769633	NA	NA	NA	NA	NA
501	Ca_010	Sham	Carprofen	19	108.376963350785	NA	NA	NA	NA	NA
502	Ca_010	Sham	Carprofen	20	108.376963350785	NA	NA	NA	NA	NA
503	Ca_010	Sham	Carprofen	21	106.806282722513	NA	NA	NA	NA	NA
504	Ca_010	Sham	Carprofen	22	111.51832460733	NA	NA	NA	NA	NA
505	Ca_010	Sham	Carprofen	23	112.565445026178	NA	NA	NA	NA	NA
506	Ca_010	Sham	Carprofen	24	110.994764397906	NA	NA	NA	NA	NA
507	Ca_010	Sham	Carprofen	25	109.947643979058	NA	NA	NA	NA	NA
508	Ca_010	Sham	Carprofen	26	111.51832460733	NA	NA	NA	NA	NA
509	Ca_010	Sham	Carprofen	27	111.51832460733	NA	NA	NA	NA	NA
510	Ca_010	Sham	Carprofen	28	108.9	NA	NA	NA	NA	NA
511	Ca_012	Sham	Carprofen	-1	100	92.5566798737933	NA	NA	NA	NA
512	Ca_012	Sham	Carprofen	0	89.3617021276596	46.5149359886202	NA	NA	NA	NA
513	Ca_012	Sham	Carprofen	1	93.6170212765958	87.8787878787879	NA	NA	NA	NA
514	Ca_012	Sham	Carprofen	2	95.7446808510638	94.5234708392603	NA	NA	NA	NA
515	Ca_012	Sham	Carprofen	3	99.468085106383	NA	NA	NA	NA	NA
516	Ca_012	Sham	Carprofen	4	100	90.4522613065327	NA	NA	NA	NA
517	Ca_012	Sham	Carprofen	5	98.936170212766	NA	NA	NA	NA	NA
518	Ca_012	Sham	Carprofen	6	102.127659574468	NA	NA	NA	NA	NA
519	Ca_012	Sham	Carprofen	7	101.063829787234	97.2837741243746	NA	NA	NA	NA
520	Ca_012	Sham	Carprofen	8	100	NA	NA	NA	NA	NA
521	Ca_012	Sham	Carprofen	9	101.063829787234	NA	NA	NA	NA	NA
522	Ca_012	Sham	Carprofen	10	103.191489361702	NA	NA	NA	NA	NA
523	Ca_012	Sham	Carprofen	11	104.787234042553	NA	NA	NA	NA	NA
524	Ca_012	Sham	Carprofen	12	102.127659574468	NA	NA	NA	NA	NA
525	Ca_012	Sham	Carprofen	13	104.787234042553	NA	NA	NA	NA	NA
526	Ca_012	Sham	Carprofen	14	104.787234042553	NA	NA	NA	NA	NA
527	Ca_012	Sham	Carprofen	15	106.914893617021	NA	NA	NA	NA	NA
528	Ca_012	Sham	Carprofen	16	106.382978723404	NA	NA	NA	NA	NA
529	Ca_012	Sham	Carprofen	17	106.382978723404	NA	NA	NA	NA	NA
530	Ca_012	Sham	Carprofen	18	106.914893617021	NA	NA	NA	NA	NA
531	Ca_012	Sham	Carprofen	19	108.510638297872	NA	NA	NA	NA	NA
532	Ca_012	Sham	Carprofen	20	109.042553191489	NA	NA	NA	NA	NA
533	Ca_012	Sham	Carprofen	21	107.446808510638	NA	NA	NA	NA	NA
534	Ca_012	Sham	Carprofen	22	107.446808510638	NA	NA	NA	NA	NA
535	Ca_012	Sham	Carprofen	23	103.723404255319	NA	NA	NA	NA	NA
536	Ca_012	Sham	Carprofen	24	109.574468085106	NA	NA	NA	NA	NA
537	Ca_012	Sham	Carprofen	25	109.042553191489	NA	NA	NA	NA	NA
538	Ca_012	Sham	Carprofen	26	109.574468085106	NA	NA	NA	NA	NA
539	Ca_012	Sham	Carprofen	27	108.510638297872	NA	NA	NA	NA	NA
540	Ca_012	Sham	Carprofen	28	110.1	NA	NA	NA	NA	NA
541	Ca_014	Sham	Carprofen	-1	100	93.8709756306323	NA	NA	NA	NA
542	Ca_014	Sham	Carprofen	0	100	80.8327351040919	NA	NA	NA	NA
543	Ca_014	Sham	Carprofen	1	100	89.7727272727273	NA	NA	NA	NA
544	Ca_014	Sham	Carprofen	2	101.648351648352	98.5744832501782	NA	NA	NA	NA
545	Ca_014	Sham	Carprofen	3	100.549450549451	NA	NA	NA	NA	NA
546	Ca_014	Sham	Carprofen	4	101.648351648352	94.6996466431095	NA	NA	NA	NA
547	Ca_014	Sham	Carprofen	5	99.4505494505495	NA	NA	NA	NA	NA
548	Ca_014	Sham	Carprofen	6	101.098901098901	NA	NA	NA	NA	NA
549	Ca_014	Sham	Carprofen	7	101.098901098901	100	NA	NA	NA	NA
550	Ca_014	Sham	Carprofen	8	100.549450549451	NA	NA	NA	NA	NA
551	Ca_014	Sham	Carprofen	9	100.549450549451	NA	NA	NA	NA	NA
552	Ca_014	Sham	Carprofen	10	102.197802197802	NA	NA	NA	NA	NA
553	Ca_014	Sham	Carprofen	11	103.846153846154	NA	NA	NA	NA	NA
554	Ca_014	Sham	Carprofen	12	105.494505494505	NA	NA	NA	NA	NA
555	Ca_014	Sham	Carprofen	13	106.043956043956	NA	NA	NA	NA	NA
556	Ca_014	Sham	Carprofen	14	108.791208791209	NA	NA	NA	NA	NA
557	Ca_014	Sham	Carprofen	15	110.43956043956	NA	NA	NA	NA	NA
558	Ca_014	Sham	Carprofen	16	109.89010989011	NA	NA	NA	NA	NA
559	Ca_014	Sham	Carprofen	17	111.538461538462	NA	NA	NA	NA	NA
560	Ca_014	Sham	Carprofen	18	108.241758241758	NA	NA	NA	NA	NA
561	Ca_014	Sham	Carprofen	19	107.692307692308	NA	NA	NA	NA	NA
562	Ca_014	Sham	Carprofen	20	109.340659340659	NA	NA	NA	NA	NA
563	Ca_014	Sham	Carprofen	21	109.89010989011	NA	NA	NA	NA	NA
564	Ca_014	Sham	Carprofen	22	107.142857142857	NA	NA	NA	NA	NA
565	Ca_014	Sham	Carprofen	23	105.494505494505	NA	NA	NA	NA	NA
566	Ca_014	Sham	Carprofen	24	110.43956043956	NA	NA	NA	NA	NA
567	Ca_014	Sham	Carprofen	25	101.648351648352	NA	NA	NA	NA	NA
568	Ca_014	Sham	Carprofen	26	112.087912087912	NA	NA	NA	NA	NA
569	Ca_014	Sham	Carprofen	27	112.087912087912	NA	NA	NA	NA	NA
570	Ca_014	Sham	Carprofen	28	111.54	NA	NA	NA	NA	NA
571	Ca_016	Sham	Carprofen	-1	100	100	NA	NA	NA	NA
572	Ca_016	Sham	Carprofen	0	100.529100529101	91.492429704398	NA	NA	NA	NA
573	Ca_016	Sham	Carprofen	1	98.4126984126984	100	NA	NA	NA	NA
574	Ca_016	Sham	Carprofen	2	100.529100529101	100	NA	NA	NA	NA
575	Ca_016	Sham	Carprofen	3	100	NA	NA	NA	NA	NA
576	Ca_016	Sham	Carprofen	4	103.174603174603	100	NA	NA	NA	NA
577	Ca_016	Sham	Carprofen	5	101.058201058201	NA	NA	NA	NA	NA
578	Ca_016	Sham	Carprofen	6	100.529100529101	NA	NA	NA	NA	NA
579	Ca_016	Sham	Carprofen	7	100	98.074179743224	NA	NA	NA	NA
580	Ca_016	Sham	Carprofen	8	99.4708994708995	NA	NA	NA	NA	NA
581	Ca_016	Sham	Carprofen	9	103.703703703704	NA	NA	NA	NA	NA
582	Ca_016	Sham	Carprofen	10	105.291005291005	NA	NA	NA	NA	NA
583	Ca_016	Sham	Carprofen	11	102.116402116402	NA	NA	NA	NA	NA
584	Ca_016	Sham	Carprofen	12	101.587301587302	NA	NA	NA	NA	NA
585	Ca_016	Sham	Carprofen	13	103.703703703704	NA	NA	NA	NA	NA
586	Ca_016	Sham	Carprofen	14	104.761904761905	NA	NA	NA	NA	NA
587	Ca_016	Sham	Carprofen	15	106.349206349206	NA	NA	NA	NA	NA
588	Ca_016	Sham	Carprofen	16	104.232804232804	NA	NA	NA	NA	NA
589	Ca_016	Sham	Carprofen	17	102.645502645503	NA	NA	NA	NA	NA
590	Ca_016	Sham	Carprofen	18	106.878306878307	NA	NA	NA	NA	NA
591	Ca_016	Sham	Carprofen	19	107.936507936508	NA	NA	NA	NA	NA
592	Ca_016	Sham	Carprofen	20	108.465608465608	NA	NA	NA	NA	NA
593	Ca_016	Sham	Carprofen	21	108.465608465608	NA	NA	NA	NA	NA
594	Ca_016	Sham	Carprofen	22	NA	NA	NA	NA	NA	NA
595	Ca_016	Sham	Carprofen	23	NA	NA	NA	NA	NA	NA
596	Ca_016	Sham	Carprofen	24	NA	NA	NA	NA	NA	NA
597	Ca_016	Sham	Carprofen	25	NA	NA	NA	NA	NA	NA
598	Ca_016	Sham	Carprofen	26	NA	NA	NA	NA	NA	NA
599	Ca_016	Sham	Carprofen	27	NA	NA	NA	NA	NA	NA
600	Ca_016	Sham	Carprofen	28	NA	NA	NA	NA	NA	NA
601	TDSS_031	Sham	Metamizol	-1	100	91.0815175782232	NA	NA	NA	NA
602	TDSS_031	Sham	Metamizol	0	93.8	81.505376344086	NA	NA	NA	NA
603	TDSS_031	Sham	Metamizol	1	96.4	93.915533285612	NA	NA	NA	NA
604	TDSS_031	Sham	Metamizol	2	97.4	89.5937277263008	NA	NA	NA	NA
605	TDSS_031	Sham	Metamizol	3	99	NA	NA	NA	NA	NA
606	TDSS_031	Sham	Metamizol	4	101	91.326164874552	NA	NA	NA	NA
607	TDSS_031	Sham	Metamizol	5	91.7	NA	NA	NA	NA	NA
608	TDSS_031	Sham	Metamizol	6	101	NA	NA	NA	NA	NA
609	TDSS_031	Sham	Metamizol	7	100	92.6565874730022	NA	NA	NA	NA
610	TDSS_031	Sham	Metamizol	8	102.1	NA	NA	NA	NA	NA
611	TDSS_031	Sham	Metamizol	9	102.6	NA	NA	NA	NA	NA
612	TDSS_031	Sham	Metamizol	10	101	NA	NA	NA	NA	NA
613	TDSS_031	Sham	Metamizol	11	101	NA	NA	NA	NA	NA
614	TDSS_031	Sham	Metamizol	12	102.1	NA	NA	NA	NA	NA
615	TDSS_031	Sham	Metamizol	13	106.2	NA	NA	NA	NA	NA
616	TDSS_031	Sham	Metamizol	14	105.2	NA	NA	NA	NA	NA
617	TDSS_031	Sham	Metamizol	15	105.7	NA	NA	NA	NA	NA
618	TDSS_031	Sham	Metamizol	16	105.7	NA	NA	NA	NA	NA
619	TDSS_031	Sham	Metamizol	17	108.3	NA	NA	NA	NA	NA
620	TDSS_031	Sham	Metamizol	18	107.3	NA	NA	NA	NA	NA
621	TDSS_031	Sham	Metamizol	19	107.3	NA	NA	NA	NA	NA
622	TDSS_031	Sham	Metamizol	20	108.3	NA	NA	NA	NA	NA
623	TDSS_031	Sham	Metamizol	21	108.3	NA	NA	NA	NA	NA
624	TDSS_031	Sham	Metamizol	22	108.8	NA	NA	NA	NA	NA
625	TDSS_031	Sham	Metamizol	23	108.8	NA	NA	NA	NA	NA
626	TDSS_031	Sham	Metamizol	24	108.8	NA	NA	NA	NA	NA
627	TDSS_031	Sham	Metamizol	25	109.3	NA	NA	NA	NA	NA
628	TDSS_031	Sham	Metamizol	26	111.4	NA	NA	NA	NA	NA
629	TDSS_031	Sham	Metamizol	27	111.9	NA	NA	NA	NA	NA
630	TDSS_031	Sham	Metamizol	28	113.47	NA	NA	NA	NA	NA
631	TDSS_032	Sham	Metamizol	-1	100	87.4105865522175	NA	NA	NA	NA
632	TDSS_032	Sham	Metamizol	0	92.9	70.5673758865248	NA	NA	NA	NA
633	TDSS_032	Sham	Metamizol	1	95.1	84.7873107426099	NA	NA	NA	NA
634	TDSS_032	Sham	Metamizol	2	97.3	87.7433309300649	NA	NA	NA	NA
635	TDSS_032	Sham	Metamizol	3	97.3	NA	NA	NA	NA	NA
636	TDSS_032	Sham	Metamizol	4	97.3	84.0860215053764	NA	NA	NA	NA
637	TDSS_032	Sham	Metamizol	5	90.1	NA	NA	NA	NA	NA
638	TDSS_032	Sham	Metamizol	6	100.5	NA	NA	NA	NA	NA
639	TDSS_032	Sham	Metamizol	7	101.1	98.1625441696113	NA	NA	NA	NA
640	TDSS_032	Sham	Metamizol	8	103.3	NA	NA	NA	NA	NA
641	TDSS_032	Sham	Metamizol	9	102.2	NA	NA	NA	NA	NA
642	TDSS_032	Sham	Metamizol	10	102.2	NA	NA	NA	NA	NA
643	TDSS_032	Sham	Metamizol	11	101.6	NA	NA	NA	NA	NA
644	TDSS_032	Sham	Metamizol	12	103.3	NA	NA	NA	NA	NA
645	TDSS_032	Sham	Metamizol	13	108.2	NA	NA	NA	NA	NA
646	TDSS_032	Sham	Metamizol	14	106.6	NA	NA	NA	NA	NA
647	TDSS_032	Sham	Metamizol	15	107.1	NA	NA	NA	NA	NA
648	TDSS_032	Sham	Metamizol	16	106	NA	NA	NA	NA	NA
649	TDSS_032	Sham	Metamizol	17	107.1	NA	NA	NA	NA	NA
650	TDSS_032	Sham	Metamizol	18	107.1	NA	NA	NA	NA	NA
651	TDSS_032	Sham	Metamizol	19	107.1	NA	NA	NA	NA	NA
652	TDSS_032	Sham	Metamizol	20	109.3	NA	NA	NA	NA	NA
653	TDSS_032	Sham	Metamizol	21	107.7	NA	NA	NA	NA	NA
654	TDSS_032	Sham	Metamizol	22	108.8	NA	NA	NA	NA	NA
655	TDSS_032	Sham	Metamizol	23	111.5	NA	NA	NA	NA	NA
656	TDSS_032	Sham	Metamizol	24	108.8	NA	NA	NA	NA	NA
657	TDSS_032	Sham	Metamizol	25	109.9	NA	NA	NA	NA	NA
658	TDSS_032	Sham	Metamizol	26	110.4	NA	NA	NA	NA	NA
659	TDSS_032	Sham	Metamizol	27	108.2	NA	NA	NA	NA	NA
660	TDSS_032	Sham	Metamizol	28	109.3	NA	NA	NA	NA	NA
661	TDSS_033	Sham	Metamizol	-1	100	91.9020975460747	NA	NA	NA	NA
662	TDSS_033	Sham	Metamizol	0	95.5	78.9247311827957	NA	NA	NA	NA
663	TDSS_033	Sham	Metamizol	1	98	100	NA	NA	NA	NA
664	TDSS_033	Sham	Metamizol	2	99.5	98.0796586059744	NA	NA	NA	NA
665	TDSS_033	Sham	Metamizol	3	101	NA	NA	NA	NA	NA
666	TDSS_033	Sham	Metamizol	4	103	93.5925125989921	NA	NA	NA	NA
667	TDSS_033	Sham	Metamizol	5	101.5	NA	NA	NA	NA	NA
668	TDSS_033	Sham	Metamizol	6	102.5	NA	NA	NA	NA	NA
669	TDSS_033	Sham	Metamizol	7	102	98.2990786676116	NA	NA	NA	NA
670	TDSS_033	Sham	Metamizol	8	106.5	NA	NA	NA	NA	NA
671	TDSS_033	Sham	Metamizol	9	107	NA	NA	NA	NA	NA
672	TDSS_033	Sham	Metamizol	10	104	NA	NA	NA	NA	NA
673	TDSS_033	Sham	Metamizol	11	105.5	NA	NA	NA	NA	NA
674	TDSS_033	Sham	Metamizol	12	108.5	NA	NA	NA	NA	NA
675	TDSS_033	Sham	Metamizol	13	109.5	NA	NA	NA	NA	NA
676	TDSS_033	Sham	Metamizol	14	108	NA	NA	NA	NA	NA
677	TDSS_033	Sham	Metamizol	15	108	NA	NA	NA	NA	NA
678	TDSS_033	Sham	Metamizol	16	107	NA	NA	NA	NA	NA
679	TDSS_033	Sham	Metamizol	17	109	NA	NA	NA	NA	NA
680	TDSS_033	Sham	Metamizol	18	110.6	NA	NA	NA	NA	NA
681	TDSS_033	Sham	Metamizol	19	111.1	NA	NA	NA	NA	NA
682	TDSS_033	Sham	Metamizol	20	109	NA	NA	NA	NA	NA
683	TDSS_033	Sham	Metamizol	21	112.6	NA	NA	NA	NA	NA
684	TDSS_033	Sham	Metamizol	22	111.1	NA	NA	NA	NA	NA
685	TDSS_033	Sham	Metamizol	23	111.6	NA	NA	NA	NA	NA
686	TDSS_033	Sham	Metamizol	24	109	NA	NA	NA	NA	NA
687	TDSS_033	Sham	Metamizol	25	110.1	NA	NA	NA	NA	NA
688	TDSS_033	Sham	Metamizol	26	111.6	NA	NA	NA	NA	NA
689	TDSS_033	Sham	Metamizol	27	111.6	NA	NA	NA	NA	NA
690	TDSS_033	Sham	Metamizol	28	110.6	NA	NA	NA	NA	NA
691	TDSS_034	Sham	Metamizol	-1	100	91.0617124199801	NA	NA	NA	NA
692	TDSS_034	Sham	Metamizol	0	96.3	66.9049320943531	NA	NA	NA	NA
693	TDSS_034	Sham	Metamizol	1	96.3	100	NA	NA	NA	NA
694	TDSS_034	Sham	Metamizol	2	96.3	98.2014388489209	NA	NA	NA	NA
695	TDSS_034	Sham	Metamizol	3	97.9	NA	NA	NA	NA	NA
696	TDSS_034	Sham	Metamizol	4	98.4	92.2364672364672	NA	NA	NA	NA
697	TDSS_034	Sham	Metamizol	5	98.4	NA	NA	NA	NA	NA
698	TDSS_034	Sham	Metamizol	6	99.5	NA	NA	NA	NA	NA
699	TDSS_034	Sham	Metamizol	7	98.4	89.4511760513186	NA	NA	NA	NA
700	TDSS_034	Sham	Metamizol	8	99.5	NA	NA	NA	NA	NA
701	TDSS_034	Sham	Metamizol	9	100.5	NA	NA	NA	NA	NA
702	TDSS_034	Sham	Metamizol	10	101	NA	NA	NA	NA	NA
703	TDSS_034	Sham	Metamizol	11	101.6	NA	NA	NA	NA	NA
704	TDSS_034	Sham	Metamizol	12	101.6	NA	NA	NA	NA	NA
705	TDSS_034	Sham	Metamizol	13	106.8	NA	NA	NA	NA	NA
706	TDSS_034	Sham	Metamizol	14	104.2	NA	NA	NA	NA	NA
707	TDSS_034	Sham	Metamizol	15	102.6	NA	NA	NA	NA	NA
708	TDSS_034	Sham	Metamizol	16	103.1	NA	NA	NA	NA	NA
709	TDSS_034	Sham	Metamizol	17	103.7	NA	NA	NA	NA	NA
710	TDSS_034	Sham	Metamizol	18	105.2	NA	NA	NA	NA	NA
711	TDSS_034	Sham	Metamizol	19	106.8	NA	NA	NA	NA	NA
712	TDSS_034	Sham	Metamizol	20	104.7	NA	NA	NA	NA	NA
713	TDSS_034	Sham	Metamizol	21	104.7	NA	NA	NA	NA	NA
714	TDSS_034	Sham	Metamizol	22	105.2	NA	NA	NA	NA	NA
715	TDSS_034	Sham	Metamizol	23	111	NA	NA	NA	NA	NA
716	TDSS_034	Sham	Metamizol	24	105.2	NA	NA	NA	NA	NA
717	TDSS_034	Sham	Metamizol	25	107.9	NA	NA	NA	NA	NA
718	TDSS_034	Sham	Metamizol	26	107.3	NA	NA	NA	NA	NA
719	TDSS_034	Sham	Metamizol	27	109.4	NA	NA	NA	NA	NA
720	TDSS_034	Sham	Metamizol	28	109.9	NA	NA	NA	NA	NA
721	TDSS_035	Sham	Metamizol	-1	100	92.8338068181818	NA	NA	NA	NA
722	TDSS_035	Sham	Metamizol	0	95.1	78.1609195402299	NA	NA	NA	NA
723	TDSS_035	Sham	Metamizol	1	94.1	100	NA	NA	NA	NA
724	TDSS_035	Sham	Metamizol	2	96.1	100	NA	NA	NA	NA
725	TDSS_035	Sham	Metamizol	3	97.6	NA	NA	NA	NA	NA
726	TDSS_035	Sham	Metamizol	4	99.5	98.2193732193732	NA	NA	NA	NA
727	TDSS_035	Sham	Metamizol	5	98	NA	NA	NA	NA	NA
728	TDSS_035	Sham	Metamizol	6	98.5	NA	NA	NA	NA	NA
729	TDSS_035	Sham	Metamizol	7	96.6	100	NA	NA	NA	NA
730	TDSS_035	Sham	Metamizol	8	99.5	NA	NA	NA	NA	NA
731	TDSS_035	Sham	Metamizol	9	101	NA	NA	NA	NA	NA
732	TDSS_035	Sham	Metamizol	10	101	NA	NA	NA	NA	NA
733	TDSS_035	Sham	Metamizol	11	101	NA	NA	NA	NA	NA
734	TDSS_035	Sham	Metamizol	12	102	NA	NA	NA	NA	NA
735	TDSS_035	Sham	Metamizol	13	103.9	NA	NA	NA	NA	NA
736	TDSS_035	Sham	Metamizol	14	103.4	NA	NA	NA	NA	NA
737	TDSS_035	Sham	Metamizol	15	103.4	NA	NA	NA	NA	NA
738	TDSS_035	Sham	Metamizol	16	104.4	NA	NA	NA	NA	NA
739	TDSS_035	Sham	Metamizol	17	103.9	NA	NA	NA	NA	NA
740	TDSS_035	Sham	Metamizol	18	104.4	NA	NA	NA	NA	NA
741	TDSS_035	Sham	Metamizol	19	104.4	NA	NA	NA	NA	NA
742	TDSS_035	Sham	Metamizol	20	103.9	NA	NA	NA	NA	NA
743	TDSS_035	Sham	Metamizol	21	105.4	NA	NA	NA	NA	NA
744	TDSS_035	Sham	Metamizol	22	103.9	NA	NA	NA	NA	NA
745	TDSS_035	Sham	Metamizol	23	106.8	NA	NA	NA	NA	NA
746	TDSS_035	Sham	Metamizol	24	105.4	NA	NA	NA	NA	NA
747	TDSS_035	Sham	Metamizol	25	105.4	NA	NA	NA	NA	NA
748	TDSS_035	Sham	Metamizol	26	105.9	NA	NA	NA	NA	NA
749	TDSS_035	Sham	Metamizol	27	110.2	NA	NA	NA	NA	NA
750	TDSS_035	Sham	Metamizol	28	107.3	NA	NA	NA	NA	NA
751	TDSS_036	Sham	Metamizol	-1	100	92.0341394025605	NA	NA	NA	NA
752	TDSS_036	Sham	Metamizol	0	95.1	100	NA	NA	NA	NA
753	TDSS_036	Sham	Metamizol	1	94.1	96.243798724309	NA	NA	NA	NA
754	TDSS_036	Sham	Metamizol	2	97.5	96.2169878658101	NA	NA	NA	NA
755	TDSS_036	Sham	Metamizol	3	95.6	NA	NA	NA	NA	NA
756	TDSS_036	Sham	Metamizol	4	98.5	91.6129032258064	NA	NA	NA	NA
757	TDSS_036	Sham	Metamizol	5	95.6	NA	NA	NA	NA	NA
758	TDSS_036	Sham	Metamizol	6	98	NA	NA	NA	NA	NA
759	TDSS_036	Sham	Metamizol	7	97.5	95.5965909090909	NA	NA	NA	NA
760	TDSS_036	Sham	Metamizol	8	99.5	NA	NA	NA	NA	NA
761	TDSS_036	Sham	Metamizol	9	101	NA	NA	NA	NA	NA
762	TDSS_036	Sham	Metamizol	10	100.5	NA	NA	NA	NA	NA
763	TDSS_036	Sham	Metamizol	11	100	NA	NA	NA	NA	NA
764	TDSS_036	Sham	Metamizol	12	98.5	NA	NA	NA	NA	NA
765	TDSS_036	Sham	Metamizol	13	103.9	NA	NA	NA	NA	NA
766	TDSS_036	Sham	Metamizol	14	104.4	NA	NA	NA	NA	NA
767	TDSS_036	Sham	Metamizol	15	104.4	NA	NA	NA	NA	NA
768	TDSS_036	Sham	Metamizol	16	104.9	NA	NA	NA	NA	NA
769	TDSS_036	Sham	Metamizol	17	101.5	NA	NA	NA	NA	NA
770	TDSS_036	Sham	Metamizol	18	103.9	NA	NA	NA	NA	NA
771	TDSS_036	Sham	Metamizol	19	104.9	NA	NA	NA	NA	NA
772	TDSS_036	Sham	Metamizol	20	106.4	NA	NA	NA	NA	NA
773	TDSS_036	Sham	Metamizol	21	103.4	NA	NA	NA	NA	NA
774	TDSS_036	Sham	Metamizol	22	103.4	NA	NA	NA	NA	NA
775	TDSS_036	Sham	Metamizol	23	105.9	NA	NA	NA	NA	NA
776	TDSS_036	Sham	Metamizol	24	106.9	NA	NA	NA	NA	NA
777	TDSS_036	Sham	Metamizol	25	105.9	NA	NA	NA	NA	NA
778	TDSS_036	Sham	Metamizol	26	106.9	NA	NA	NA	NA	NA
779	TDSS_036	Sham	Metamizol	27	105.9	NA	NA	NA	NA	NA
780	TDSS_036	Sham	Metamizol	28	108.3	NA	NA	NA	NA	NA
781	TDSS_037	Sham	Metamizol	-1	100	94.2463766415254	NA	NA	NA	NA
782	TDSS_037	Sham	Metamizol	0	97.8	92.7702219040802	NA	NA	NA	NA
783	TDSS_037	Sham	Metamizol	1	100	100	NA	NA	NA	NA
784	TDSS_037	Sham	Metamizol	2	102.2	93.7634408602151	NA	NA	NA	NA
785	TDSS_037	Sham	Metamizol	3	101.1	NA	NA	NA	NA	NA
786	TDSS_037	Sham	Metamizol	4	101.1	100	NA	NA	NA	NA
787	TDSS_037	Sham	Metamizol	5	102.8	NA	NA	NA	NA	NA
788	TDSS_037	Sham	Metamizol	6	105.6	NA	NA	NA	NA	NA
789	TDSS_037	Sham	Metamizol	7	107.3	100	NA	NA	NA	NA
790	TDSS_037	Sham	Metamizol	8	103.9	NA	NA	NA	NA	NA
791	TDSS_037	Sham	Metamizol	9	103.9	NA	NA	NA	NA	NA
792	TDSS_037	Sham	Metamizol	10	107.3	NA	NA	NA	NA	NA
793	TDSS_037	Sham	Metamizol	11	107.8	NA	NA	NA	NA	NA
794	TDSS_037	Sham	Metamizol	12	111.7	NA	NA	NA	NA	NA
795	TDSS_037	Sham	Metamizol	13	109.5	NA	NA	NA	NA	NA
796	TDSS_037	Sham	Metamizol	14	112.3	NA	NA	NA	NA	NA
797	TDSS_037	Sham	Metamizol	15	112.8	NA	NA	NA	NA	NA
798	TDSS_037	Sham	Metamizol	16	114	NA	NA	NA	NA	NA
799	TDSS_037	Sham	Metamizol	17	113.4	NA	NA	NA	NA	NA
800	TDSS_037	Sham	Metamizol	18	114	NA	NA	NA	NA	NA
801	TDSS_037	Sham	Metamizol	19	113.4	NA	NA	NA	NA	NA
802	TDSS_037	Sham	Metamizol	20	111.7	NA	NA	NA	NA	NA
803	TDSS_037	Sham	Metamizol	21	113.4	NA	NA	NA	NA	NA
804	TDSS_037	Sham	Metamizol	22	113.4	NA	NA	NA	NA	NA
805	TDSS_037	Sham	Metamizol	23	113.4	NA	NA	NA	NA	NA
806	TDSS_037	Sham	Metamizol	24	114.5	NA	NA	NA	NA	NA
807	TDSS_037	Sham	Metamizol	25	117.3	NA	NA	NA	NA	NA
808	TDSS_037	Sham	Metamizol	26	113.4	NA	NA	NA	NA	NA
809	TDSS_037	Sham	Metamizol	27	117.3	NA	NA	NA	NA	NA
810	TDSS_037	Sham	Metamizol	28	117.3	NA	NA	NA	NA	NA
811	TDSS_038	Sham	Metamizol	-1	100	95.9286117067868	NA	NA	NA	NA
812	TDSS_038	Sham	Metamizol	0	94.5	90.1208244491827	NA	NA	NA	NA
813	TDSS_038	Sham	Metamizol	1	94.5	92.2857142857143	NA	NA	NA	NA
814	TDSS_038	Sham	Metamizol	2	95.5	100	NA	NA	NA	NA
815	TDSS_038	Sham	Metamizol	3	97	NA	NA	NA	NA	NA
816	TDSS_038	Sham	Metamizol	4	98.5	98.2721382289417	NA	NA	NA	NA
817	TDSS_038	Sham	Metamizol	5	96	NA	NA	NA	NA	NA
818	TDSS_038	Sham	Metamizol	6	99	NA	NA	NA	NA	NA
819	TDSS_038	Sham	Metamizol	7	100.5	100	NA	NA	NA	NA
820	TDSS_038	Sham	Metamizol	8	100	NA	NA	NA	NA	NA
821	TDSS_038	Sham	Metamizol	9	101	NA	NA	NA	NA	NA
822	TDSS_038	Sham	Metamizol	10	99.5	NA	NA	NA	NA	NA
823	TDSS_038	Sham	Metamizol	11	101	NA	NA	NA	NA	NA
824	TDSS_038	Sham	Metamizol	12	102.5	NA	NA	NA	NA	NA
825	TDSS_038	Sham	Metamizol	13	104	NA	NA	NA	NA	NA
826	TDSS_038	Sham	Metamizol	14	100.5	NA	NA	NA	NA	NA
827	TDSS_038	Sham	Metamizol	15	103.5	NA	NA	NA	NA	NA
828	TDSS_038	Sham	Metamizol	16	105.5	NA	NA	NA	NA	NA
829	TDSS_038	Sham	Metamizol	17	104.5	NA	NA	NA	NA	NA
830	TDSS_038	Sham	Metamizol	18	105	NA	NA	NA	NA	NA
831	TDSS_038	Sham	Metamizol	19	104.5	NA	NA	NA	NA	NA
832	TDSS_038	Sham	Metamizol	20	103.5	NA	NA	NA	NA	NA
833	TDSS_038	Sham	Metamizol	21	103	NA	NA	NA	NA	NA
834	TDSS_038	Sham	Metamizol	22	103	NA	NA	NA	NA	NA
835	TDSS_038	Sham	Metamizol	23	105	NA	NA	NA	NA	NA
836	TDSS_038	Sham	Metamizol	24	105.5	NA	NA	NA	NA	NA
837	TDSS_038	Sham	Metamizol	25	107.5	NA	NA	NA	NA	NA
838	TDSS_038	Sham	Metamizol	26	105	NA	NA	NA	NA	NA
839	TDSS_038	Sham	Metamizol	27	101.5	NA	NA	NA	NA	NA
840	TDSS_038	Sham	Metamizol	28	106.5	NA	NA	NA	NA	NA
