	id	treatment	condition	day	bw	bwc	score	mgs	mgs30	mgs180	bur2h	burON	hr	hrv	temp	act
1	Ca_001	Transmitter	Carprofen	-1	18.4	100	0	0.1	NA	NA	56.3960214472219	71.9411639195878	453.559633027523	12.4321537037037	36.6116513761468	1064.84
2	Ca_001	Transmitter	Carprofen	0	16.1	87.5	2	0.1125	0.861160714285714	0.3625	14.9210903873745	44.6915351506456	660.589743589744	2.05186120689655	36.1839316239316	125.54
3	Ca_001	Transmitter	Carprofen	1	16.7	90.7608695652174	2	0.19375	NA	NA	51.0729613733906	97.6394849785408	584.917431192661	4.84386666666666	37.4976146788991	407.34
4	Ca_001	Transmitter	Carprofen	2	17.1	92.9347826086957	2	0.165625	NA	NA	42.2804532577904	99.0084985835694	538.036697247706	6.76795648148148	37.1374311926606	351.64
5	Ca_001	Transmitter	Carprofen	3	17.3	94.0217391304348	1	NA	NA	NA	NA	NA	482.155963302752	7.07286481481481	36.7105504587156	286.28
6	Ca_001	Transmitter	Carprofen	4	17.3	94.0217391304348	1	0.065625	NA	NA	54.9047282992237	69.1601976005646	525.522935779817	7.13493981481481	37.0835779816514	387.3
7	Ca_001	Transmitter	Carprofen	5	17.8	96.7391304347826	0	NA	NA	NA	NA	NA	478.897196261682	7.16862962962963	36.6375700934579	897.8
8	Ca_001	Transmitter	Carprofen	6	18	97.8260869565217	0	0.1375	NA	NA	NA	NA	NA	NA	NA	NA
9	Ca_001	Transmitter	Carprofen	7	18.2	98.9130434782609	0	NA	NA	NA	45.4222853087296	52.7324343506033	472.284403669725	7.69036203703703	36.3188073394495	707.06
10	Ca_001	Transmitter	Carprofen	8	18.2	98.9130434782609	0	NA	NA	NA	NA	NA	NA	NA	NA	NA
11	Ca_001	Transmitter	Carprofen	9	19	103.260869565217	0	NA	NA	NA	NA	NA	NA	NA	NA	NA
12	Ca_001	Transmitter	Carprofen	10	19.4	105.434782608696	0	NA	NA	NA	NA	NA	NA	NA	NA	NA
13	Ca_001	Transmitter	Carprofen	11	19.3	104.891304347826	0	NA	NA	NA	NA	NA	NA	NA	NA	NA
14	Ca_001	Transmitter	Carprofen	12	19.4	105.434782608696	0	NA	NA	NA	NA	NA	NA	NA	NA	NA
15	Ca_001	Transmitter	Carprofen	13	19.8	107.608695652174	0	NA	NA	NA	NA	NA	NA	NA	NA	NA
16	Ca_001	Transmitter	Carprofen	14	20.3	110.326086956522	0	NA	NA	NA	NA	NA	469.45871559633	11.8682592592593	36.5098165137615	899.08
17	Ca_001	Transmitter	Carprofen	15	20.3	110.326086956522	0	NA	NA	NA	NA	NA	NA	NA	NA	NA
18	Ca_001	Transmitter	Carprofen	16	19.9	108.152173913043	0	NA	NA	NA	NA	NA	NA	NA	NA	NA
19	Ca_001	Transmitter	Carprofen	17	20.1	109.239130434783	0	NA	NA	NA	NA	NA	NA	NA	NA	NA
20	Ca_001	Transmitter	Carprofen	18	20.4	110.869565217391	0	NA	NA	NA	NA	NA	NA	NA	NA	NA
21	Ca_001	Transmitter	Carprofen	19	20.9	113.586956521739	0	NA	NA	NA	NA	NA	NA	NA	NA	NA
22	Ca_001	Transmitter	Carprofen	20	20.9	113.586956521739	0	NA	NA	NA	NA	NA	NA	NA	NA	NA
23	Ca_001	Transmitter	Carprofen	21	20.6	111.95652173913	0	NA	NA	NA	NA	NA	NA	NA	NA	NA
24	Ca_001	Transmitter	Carprofen	22	21	114.130434782609	0	NA	NA	NA	NA	NA	NA	NA	NA	NA
25	Ca_001	Transmitter	Carprofen	23	20.1	109.239130434783	0	NA	NA	NA	NA	NA	NA	NA	NA	NA
26	Ca_001	Transmitter	Carprofen	24	21.3	115.760869565217	0	NA	NA	NA	NA	NA	NA	NA	NA	NA
27	Ca_001	Transmitter	Carprofen	25	20.9	113.586956521739	0	NA	NA	NA	NA	NA	NA	NA	NA	NA
28	Ca_001	Transmitter	Carprofen	26	21	114.130434782609	0	NA	NA	NA	NA	NA	NA	NA	NA	NA
29	Ca_001	Transmitter	Carprofen	27	20.8	113.04347826087	0	NA	NA	NA	NA	NA	NA	NA	NA	NA
30	Ca_001	Transmitter	Carprofen	28	21.1	114.67	0	NA	NA	NA	NA	NA	453.559633027523	12.4321537037037	36.6116513761468	1064.84
31	Ca_003	Transmitter	Carprofen	-1	19.6	100	0	0.1875	NA	NA	71.1259142066674	94.368420838574	458.788990825688	17.4258185185185	36.681376146789	644.9
32	Ca_003	Transmitter	Carprofen	0	17.1	87.2448979591837	2	0.375	1.29583333333333	0.216666666666667	0	0	680.281818181818	1.41015925925926	35.6962727272727	202.86
33	Ca_003	Transmitter	Carprofen	1	17.1	87.2448979591837	2	0.303125	NA	NA	1.06232294617564	54.1784702549575	623.110091743119	3.2924	37.2016513761468	168.68
34	Ca_003	Transmitter	Carprofen	2	17.6	89.7959183673469	2	0.078125	NA	NA	70.5966930265996	100	579.256880733945	6.2634712962963	37.4130275229358	402.2
35	Ca_003	Transmitter	Carprofen	3	18.2	92.8571428571428	2	NA	NA	NA	NA	NA	491.605504587156	9.38808518518518	36.6187155963303	354.36
36	Ca_003	Transmitter	Carprofen	4	18.8	95.9183673469388	1	0.1	NA	NA	72.0567375886525	95.8156028368794	515.614678899083	9.96189166666666	36.985871559633	457.04
37	Ca_003	Transmitter	Carprofen	5	19.2	97.9591836734694	0	NA	NA	NA	NA	NA	461.869158878505	10.7747277777778	36.5705607476635	613.38
38	Ca_003	Transmitter	Carprofen	6	19.5	99.4897959183673	0	0.1	NA	NA	NA	NA	NA	NA	NA	NA
39	Ca_003	Transmitter	Carprofen	7	20	102.040816326531	0	NA	NA	NA	85.3046594982079	97.921146953405	488.192660550459	10.3427962962963	36.5275229357798	740.76
40	Ca_003	Transmitter	Carprofen	8	20.1	102.551020408163	0	NA	NA	NA	NA	NA	NA	NA	NA	NA
41	Ca_003	Transmitter	Carprofen	9	19.8	101.020408163265	0	NA	NA	NA	NA	NA	NA	NA	NA	NA
42	Ca_003	Transmitter	Carprofen	10	20.3	103.571428571429	0	NA	NA	NA	NA	NA	NA	NA	NA	NA
43	Ca_003	Transmitter	Carprofen	11	20.8	106.122448979592	0	NA	NA	NA	NA	NA	NA	NA	NA	NA
44	Ca_003	Transmitter	Carprofen	12	20.7	105.612244897959	0	NA	NA	NA	NA	NA	NA	NA	NA	NA
45	Ca_003	Transmitter	Carprofen	13	20.6	105.102040816327	0	NA	NA	NA	NA	NA	NA	NA	NA	NA
46	Ca_003	Transmitter	Carprofen	14	21.1	107.65306122449	0	NA	NA	NA	NA	NA	474.211009174312	14.8073925925926	36.507247706422	686.4
47	Ca_003	Transmitter	Carprofen	15	21.5	109.69387755102	0	NA	NA	NA	NA	NA	NA	NA	NA	NA
48	Ca_003	Transmitter	Carprofen	16	21.1	107.65306122449	0	NA	NA	NA	NA	NA	NA	NA	NA	NA
49	Ca_003	Transmitter	Carprofen	17	21.2	108.163265306122	0	NA	NA	NA	NA	NA	NA	NA	NA	NA
50	Ca_003	Transmitter	Carprofen	18	21.3	108.673469387755	0	NA	NA	NA	NA	NA	NA	NA	NA	NA
51	Ca_003	Transmitter	Carprofen	19	21.6	110.204081632653	0	NA	NA	NA	NA	NA	NA	NA	NA	NA
52	Ca_003	Transmitter	Carprofen	20	21.9	111.734693877551	0	NA	NA	NA	NA	NA	NA	NA	NA	NA
53	Ca_003	Transmitter	Carprofen	21	21.7	110.714285714286	0	NA	NA	NA	NA	NA	NA	NA	NA	NA
54	Ca_003	Transmitter	Carprofen	22	21.6	110.204081632653	0	NA	NA	NA	NA	NA	NA	NA	NA	NA
55	Ca_003	Transmitter	Carprofen	23	21.9	111.734693877551	0	NA	NA	NA	NA	NA	NA	NA	NA	NA
56	Ca_003	Transmitter	Carprofen	24	22.1	112.755102040816	0	NA	NA	NA	NA	NA	NA	NA	NA	NA
57	Ca_003	Transmitter	Carprofen	25	22.1	112.755102040816	0	NA	NA	NA	NA	NA	NA	NA	NA	NA
58	Ca_003	Transmitter	Carprofen	26	22	112.244897959184	0	NA	NA	NA	NA	NA	NA	NA	NA	NA
59	Ca_003	Transmitter	Carprofen	27	21.8	111.224489795918	0	NA	NA	NA	NA	NA	NA	NA	NA	NA
60	Ca_003	Transmitter	Carprofen	28	22.5	114.79	0	NA	NA	NA	NA	NA	458.788990825688	17.4258185185185	36.681376146789	644.9
61	Ca_006	Transmitter	Carprofen	-1	19.7	100	0	0.106770833333333	NA	NA	71.193472587806	81.4786553272076	454.201834862385	13.9006757009346	36.4744036697248	1063.86
62	Ca_006	Transmitter	Carprofen	0	17.7	89.8477157360406	2	0.128571428571429	0.532142857142857	0.466964285714286	0.0715819613457427	20.5440229062276	688.18	1.61135670103093	35.7853	115.19
63	Ca_006	Transmitter	Carprofen	1	17.6	89.3401015228426	2	0.115625	NA	NA	54.5977011494253	72.4856321839081	608.403669724771	4.86896851851852	37.2871559633027	193.75
64	Ca_006	Transmitter	Carprofen	2	17.7	89.8477157360406	2	0.328125	NA	NA	45.5064194008559	79.4579172610556	537.174311926605	7.49999259259259	36.9628440366972	528.03
65	Ca_006	Transmitter	Carprofen	3	17.9	90.8629441624365	2	NA	NA	NA	NA	NA	483.449541284404	8.48848796296296	36.8211926605505	490.75
66	Ca_006	Transmitter	Carprofen	4	17.9	90.8629441624365	2	0.09375	NA	NA	61.3733905579399	71.4592274678112	521.238532110092	7.58865462962963	37.0177064220183	576.54
67	Ca_006	Transmitter	Carprofen	5	18.9	95.9390862944162	1	NA	NA	NA	NA	NA	449.560747663551	9.04116759259259	36.3951401869159	612.85
68	Ca_006	Transmitter	Carprofen	6	18.5	93.9086294416244	2	0.328571428571429	NA	NA	NA	NA	NA	NA	NA	NA
69	Ca_006	Transmitter	Carprofen	7	19.2	97.4619289340101	0	NA	NA	NA	49.176807444524	87.4731567644953	443.660550458716	10.8125703703704	36.4378899082569	563.02
70	Ca_006	Transmitter	Carprofen	8	19.2	97.4619289340101	0	NA	NA	NA	NA	NA	NA	NA	NA	NA
71	Ca_006	Transmitter	Carprofen	9	19.7	100	0	NA	NA	NA	NA	NA	NA	NA	NA	NA
72	Ca_006	Transmitter	Carprofen	10	20.1	102.030456852792	0	NA	NA	NA	NA	NA	NA	NA	NA	NA
73	Ca_006	Transmitter	Carprofen	11	20	101.522842639594	0	NA	NA	NA	NA	NA	NA	NA	NA	NA
74	Ca_006	Transmitter	Carprofen	12	20.1	102.030456852792	0	NA	NA	NA	NA	NA	NA	NA	NA	NA
75	Ca_006	Transmitter	Carprofen	13	20.5	104.060913705584	0	NA	NA	NA	NA	NA	NA	NA	NA	NA
76	Ca_006	Transmitter	Carprofen	14	21	106.598984771574	0	NA	NA	NA	NA	NA	474.752293577982	12.6994962616822	36.5453211009174	957.3
77	Ca_006	Transmitter	Carprofen	15	21.2	107.61421319797	0	NA	NA	NA	NA	NA	NA	NA	NA	NA
78	Ca_006	Transmitter	Carprofen	16	21	106.598984771574	0	NA	NA	NA	NA	NA	NA	NA	NA	NA
79	Ca_006	Transmitter	Carprofen	17	21.1	107.106598984772	0	NA	NA	NA	NA	NA	NA	NA	NA	NA
80	Ca_006	Transmitter	Carprofen	18	21.1	107.106598984772	0	NA	NA	NA	NA	NA	NA	NA	NA	NA
81	Ca_006	Transmitter	Carprofen	19	21.5	109.137055837563	0	NA	NA	NA	NA	NA	NA	NA	NA	NA
82	Ca_006	Transmitter	Carprofen	20	21.8	110.659898477157	0	NA	NA	NA	NA	NA	NA	NA	NA	NA
83	Ca_006	Transmitter	Carprofen	21	22	111.675126903553	0	NA	NA	NA	NA	NA	NA	NA	NA	NA
84	Ca_006	Transmitter	Carprofen	22	22.5	114.213197969543	0	NA	NA	NA	NA	NA	NA	NA	NA	NA
85	Ca_006	Transmitter	Carprofen	23	22.8	115.736040609137	0	NA	NA	NA	NA	NA	NA	NA	NA	NA
86	Ca_006	Transmitter	Carprofen	24	22.7	115.228426395939	0	NA	NA	NA	NA	NA	NA	NA	NA	NA
87	Ca_006	Transmitter	Carprofen	25	22.7	115.228426395939	0	NA	NA	NA	NA	NA	NA	NA	NA	NA
88	Ca_006	Transmitter	Carprofen	26	22.5	114.213197969543	0	NA	NA	NA	NA	NA	NA	NA	NA	NA
89	Ca_006	Transmitter	Carprofen	27	22.2	112.690355329949	0	NA	NA	NA	NA	NA	NA	NA	NA	NA
90	Ca_006	Transmitter	Carprofen	28	21.8	110.66	0	NA	NA	NA	NA	NA	454.201834862385	13.9006757009346	36.4744036697248	1063.86
91	Ca_008	Transmitter	Carprofen	-1	19.6	100	0	0.065625	NA	NA	42.5771144278607	100	478.110091743119	13.1386101851852	36.6155963302752	795.46
92	Ca_008	Transmitter	Carprofen	0	17.2	87.7551020408163	2	0.25	0.8125	0.56875	1.00143061516452	1.78826895565092	673.912087912088	2.29353707865169	35.61	122.38
93	Ca_008	Transmitter	Carprofen	1	16.9	86.2244897959184	3	0.0125	NA	NA	0	57.2961373390558	615.100917431193	5.13800648148148	37.4915596330275	110.81
94	Ca_008	Transmitter	Carprofen	2	17.3	88.265306122449	2	0.16875	NA	NA	81.063829787234	100	543.761467889908	6.23684537037037	37.2315596330275	548.23
95	Ca_008	Transmitter	Carprofen	3	17.2	87.7551020408163	2	NA	NA	NA	NA	NA	496.706422018349	6.17143611111111	36.7887155963303	213.08
96	Ca_008	Transmitter	Carprofen	4	17.6	89.7959183673469	2	0.084375	NA	NA	50.3576537911302	100	535.018348623853	6.03876851851852	36.9033027522936	226
97	Ca_008	Transmitter	Carprofen	5	18.4	93.8775510204081	2	NA	NA	NA	NA	NA	500.607476635514	6.99159259259259	36.8923364485981	425.84
98	Ca_008	Transmitter	Carprofen	6	18.2	92.8571428571428	2	0.075	NA	NA	NA	NA	NA	NA	NA	NA
99	Ca_008	Transmitter	Carprofen	7	18.2	92.8571428571428	2	NA	NA	NA	100	100	501.614678899083	7.80755370370371	36.6032110091743	484.48
100	Ca_008	Transmitter	Carprofen	8	18.8	95.9183673469388	1	NA	NA	NA	NA	NA	NA	NA	NA	NA
101	Ca_008	Transmitter	Carprofen	9	19.4	98.9795918367347	0	NA	NA	NA	NA	NA	NA	NA	NA	NA
102	Ca_008	Transmitter	Carprofen	10	19.7	100.510204081633	0	NA	NA	NA	NA	NA	NA	NA	NA	NA
103	Ca_008	Transmitter	Carprofen	11	19.9	101.530612244898	0	NA	NA	NA	NA	NA	NA	NA	NA	NA
104	Ca_008	Transmitter	Carprofen	12	19.7	100.510204081633	0	NA	NA	NA	NA	NA	NA	NA	NA	NA
105	Ca_008	Transmitter	Carprofen	13	20	102.040816326531	0	NA	NA	NA	NA	NA	NA	NA	NA	NA
106	Ca_008	Transmitter	Carprofen	14	20.3	103.571428571429	0	NA	NA	NA	NA	NA	476.807339449541	14.2203546296296	36.4744036697248	539.98
107	Ca_008	Transmitter	Carprofen	15	20.5	104.591836734694	0	NA	NA	NA	NA	NA	NA	NA	NA	NA
108	Ca_008	Transmitter	Carprofen	16	21	107.142857142857	0	NA	NA	NA	NA	NA	NA	NA	NA	NA
109	Ca_008	Transmitter	Carprofen	17	20.6	105.102040816327	0	NA	NA	NA	NA	NA	NA	NA	NA	NA
110	Ca_008	Transmitter	Carprofen	18	20.9	106.632653061224	0	NA	NA	NA	NA	NA	NA	NA	NA	NA
111	Ca_008	Transmitter	Carprofen	19	21	107.142857142857	0	NA	NA	NA	NA	NA	NA	NA	NA	NA
112	Ca_008	Transmitter	Carprofen	20	21.2	108.163265306122	0	NA	NA	NA	NA	NA	NA	NA	NA	NA
113	Ca_008	Transmitter	Carprofen	21	21.7	110.714285714286	0	NA	NA	NA	NA	NA	NA	NA	NA	NA
114	Ca_008	Transmitter	Carprofen	22	21.2	108.163265306122	0	NA	NA	NA	NA	NA	NA	NA	NA	NA
115	Ca_008	Transmitter	Carprofen	23	21.4	109.183673469388	0	NA	NA	NA	NA	NA	NA	NA	NA	NA
116	Ca_008	Transmitter	Carprofen	24	21.5	109.69387755102	0	NA	NA	NA	NA	NA	NA	NA	NA	NA
117	Ca_008	Transmitter	Carprofen	25	21.4	109.183673469388	0	NA	NA	NA	NA	NA	NA	NA	NA	NA
118	Ca_008	Transmitter	Carprofen	26	21.5	109.69387755102	0	NA	NA	NA	NA	NA	NA	NA	NA	NA
119	Ca_008	Transmitter	Carprofen	27	21	107.142857142857	0	NA	NA	NA	NA	NA	NA	NA	NA	NA
120	Ca_008	Transmitter	Carprofen	28	21.3	108.67	0	NA	NA	NA	NA	NA	478.110091743119	13.1386101851852	36.6155963302752	795.46
121	Ca_009	Transmitter	Carprofen	-1	22	100	0	0.179464285714286	NA	NA	87.7410101772746	100	465.788990825688	8.47116944444444	36.5166055045872	653.21
122	Ca_009	Transmitter	Carprofen	0	18.6	84.5454545454546	3	0.103571428571429	0.778125	0.315625	0	14.9786019971469	604.83185840708	2.28647321428571	36.2744247787611	107.82
123	Ca_009	Transmitter	Carprofen	1	19	86.3636363636364	3	0.11875	NA	NA	0	64.8320228734811	529.211009174312	3.74727962962963	37.3757798165138	143.4
124	Ca_009	Transmitter	Carprofen	2	19.3	87.7272727272727	2	0.065625	NA	NA	44.5558739255014	79.6561604584527	504.908256880734	4.80816481481482	37.0815596330275	169
125	Ca_009	Transmitter	Carprofen	3	20.1	91.3636363636364	2	NA	NA	NA	NA	NA	485.54128440367	4.92600740740741	36.9170642201835	293.8
126	Ca_009	Transmitter	Carprofen	4	20.3	92.2727272727273	2	0.228125	NA	NA	73.2950466618808	94.2569992821249	545.348623853211	4.39993888888889	37.1821100917431	353
127	Ca_009	Transmitter	Carprofen	5	20.7	94.0909090909091	1	NA	NA	NA	NA	NA	485.201834862385	5.00841944444445	36.7833027522936	447
128	Ca_009	Transmitter	Carprofen	6	20.8	94.5454545454546	1	0.1625	NA	NA	NA	NA	NA	NA	NA	NA
129	Ca_009	Transmitter	Carprofen	7	21.1	95.9090909090909	1	NA	NA	NA	99.2114695340502	100	463.871559633028	6.3333712962963	36.5868807339449	1075.48
130	Ca_009	Transmitter	Carprofen	8	21.5	97.7272727272727	0	NA	NA	NA	NA	NA	NA	NA	NA	NA
131	Ca_009	Transmitter	Carprofen	9	22.1	100.454545454545	0	NA	NA	NA	NA	NA	NA	NA	NA	NA
132	Ca_009	Transmitter	Carprofen	10	22.5	102.272727272727	0	NA	NA	NA	NA	NA	NA	NA	NA	NA
133	Ca_009	Transmitter	Carprofen	11	21.5	97.7272727272727	0	NA	NA	NA	NA	NA	NA	NA	NA	NA
134	Ca_009	Transmitter	Carprofen	12	22.1	100.454545454545	0	NA	NA	NA	NA	NA	NA	NA	NA	NA
135	Ca_009	Transmitter	Carprofen	13	23	104.545454545455	0	NA	NA	NA	NA	NA	NA	NA	NA	NA
136	Ca_009	Transmitter	Carprofen	14	23	104.545454545455	0	NA	NA	NA	NA	NA	480.05504587156	6.48667685185185	36.642752293578	1018.74
137	Ca_009	Transmitter	Carprofen	15	23.6	107.272727272727	0	NA	NA	NA	NA	NA	NA	NA	NA	NA
138	Ca_009	Transmitter	Carprofen	16	23.1	105	0	NA	NA	NA	NA	NA	NA	NA	NA	NA
139	Ca_009	Transmitter	Carprofen	17	23	104.545454545455	0	NA	NA	NA	NA	NA	NA	NA	NA	NA
140	Ca_009	Transmitter	Carprofen	18	23.4	106.363636363636	0	NA	NA	NA	NA	NA	NA	NA	NA	NA
141	Ca_009	Transmitter	Carprofen	19	23.8	108.181818181818	0	NA	NA	NA	NA	NA	NA	NA	NA	NA
142	Ca_009	Transmitter	Carprofen	20	24.2	110	0	NA	NA	NA	NA	NA	NA	NA	NA	NA
143	Ca_009	Transmitter	Carprofen	21	23.5	106.818181818182	0	NA	NA	NA	NA	NA	NA	NA	NA	NA
144	Ca_009	Transmitter	Carprofen	22	24	109.090909090909	0	NA	NA	NA	NA	NA	NA	NA	NA	NA
145	Ca_009	Transmitter	Carprofen	23	24.3	110.454545454545	0	NA	NA	NA	NA	NA	NA	NA	NA	NA
146	Ca_009	Transmitter	Carprofen	24	24	109.090909090909	0	NA	NA	NA	NA	NA	NA	NA	NA	NA
147	Ca_009	Transmitter	Carprofen	25	24.4	110.909090909091	0	NA	NA	NA	NA	NA	NA	NA	NA	NA
148	Ca_009	Transmitter	Carprofen	26	24.1	109.545454545455	0	NA	NA	NA	NA	NA	NA	NA	NA	NA
149	Ca_009	Transmitter	Carprofen	27	24.2	110	0	NA	NA	NA	NA	NA	NA	NA	NA	NA
150	Ca_009	Transmitter	Carprofen	28	24.5	111.36	0	NA	NA	NA	NA	NA	465.788990825688	8.47116944444444	36.5166055045872	653.21
151	Ca_011	Transmitter	Carprofen	-1	20.6	100	0	0.0796875	NA	NA	82.3906235268558	98.5685649987088	426.146788990826	17.8166833333333	36.0811009174312	641.13
152	Ca_011	Transmitter	Carprofen	0	18.6	90.2912621359223	2	0.109375	0.85625	0.203125	30.4317055909413	65.7466383581033	653.676470588235	4.12159207920792	36.5207843137255	110.9
153	Ca_011	Transmitter	Carprofen	1	19.2	93.2038834951456	2	0.1375	NA	NA	85.5093256814921	100	554.155963302752	7.11167314814815	37.295871559633	709.76
154	Ca_011	Transmitter	Carprofen	2	19.4	94.1747572815534	1	0.05	NA	NA	74.4772891131939	92.4297043979813	514.256880733945	9.42098981481481	37.0311009174312	275.96
155	Ca_011	Transmitter	Carprofen	3	20	97.0873786407767	0	NA	NA	NA	NA	NA	473.935779816514	9.15005092592592	36.7260550458716	559.84
156	Ca_011	Transmitter	Carprofen	4	20.7	100.485436893204	0	0.0625	NA	NA	86.5905848787447	88.5877318116976	513.990825688073	9.75553518518518	37.0636697247706	779.5
157	Ca_011	Transmitter	Carprofen	5	20.3	98.5436893203883	0	NA	NA	NA	NA	NA	482.201834862385	9.15097777777778	36.7017431192661	672.8
158	Ca_011	Transmitter	Carprofen	6	20.7	100.485436893204	0	0.175	NA	NA	NA	NA	NA	NA	NA	NA
159	Ca_011	Transmitter	Carprofen	7	20.5	99.5145631067961	0	NA	NA	NA	91.1806543385491	99.1465149359886	464.532110091743	11.9480824074074	36.642752293578	829.86
160	Ca_011	Transmitter	Carprofen	8	20.9	101.456310679612	0	NA	NA	NA	NA	NA	NA	NA	NA	NA
161	Ca_011	Transmitter	Carprofen	9	21.1	102.427184466019	0	NA	NA	NA	NA	NA	NA	NA	NA	NA
162	Ca_011	Transmitter	Carprofen	10	21.2	102.912621359223	0	NA	NA	NA	NA	NA	NA	NA	NA	NA
163	Ca_011	Transmitter	Carprofen	11	21.5	104.368932038835	0	NA	NA	NA	NA	NA	NA	NA	NA	NA
164	Ca_011	Transmitter	Carprofen	12	21.3	103.398058252427	0	NA	NA	NA	NA	NA	NA	NA	NA	NA
165	Ca_011	Transmitter	Carprofen	13	21.6	104.854368932039	0	NA	NA	NA	NA	NA	NA	NA	NA	NA
166	Ca_011	Transmitter	Carprofen	14	21.9	106.31067961165	0	NA	NA	NA	NA	NA	449.009174311927	15.3573277777778	36.2057798165138	838.84
167	Ca_011	Transmitter	Carprofen	15	21.7	105.339805825243	0	NA	NA	NA	NA	NA	NA	NA	NA	NA
168	Ca_011	Transmitter	Carprofen	16	21.9	106.31067961165	0	NA	NA	NA	NA	NA	NA	NA	NA	NA
169	Ca_011	Transmitter	Carprofen	17	21.8	105.825242718447	0	NA	NA	NA	NA	NA	NA	NA	NA	NA
170	Ca_011	Transmitter	Carprofen	18	22.2	107.766990291262	0	NA	NA	NA	NA	NA	NA	NA	NA	NA
171	Ca_011	Transmitter	Carprofen	19	22.2	107.766990291262	0	NA	NA	NA	NA	NA	NA	NA	NA	NA
172	Ca_011	Transmitter	Carprofen	20	22.2	107.766990291262	0	NA	NA	NA	NA	NA	NA	NA	NA	NA
173	Ca_011	Transmitter	Carprofen	21	22.3	108.252427184466	0	NA	NA	NA	NA	NA	NA	NA	NA	NA
174	Ca_011	Transmitter	Carprofen	22	22.5	109.223300970874	0	NA	NA	NA	NA	NA	NA	NA	NA	NA
175	Ca_011	Transmitter	Carprofen	23	22.2	107.766990291262	0	NA	NA	NA	NA	NA	NA	NA	NA	NA
176	Ca_011	Transmitter	Carprofen	24	22.7	110.194174757282	0	NA	NA	NA	NA	NA	NA	NA	NA	NA
177	Ca_011	Transmitter	Carprofen	25	22.5	109.223300970874	0	NA	NA	NA	NA	NA	NA	NA	NA	NA
178	Ca_011	Transmitter	Carprofen	26	22.8	110.679611650485	0	NA	NA	NA	NA	NA	NA	NA	NA	NA
179	Ca_011	Transmitter	Carprofen	27	22.4	108.73786407767	0	NA	NA	NA	NA	NA	NA	NA	NA	NA
180	Ca_011	Transmitter	Carprofen	28	23.3	113.11	0	NA	NA	NA	NA	NA	426.146788990826	17.8166833333333	36.0811009174312	641.13
181	Ca_013	Transmitter	Carprofen	-1	18.5	100	0	0.053125	NA	NA	41.7322834645669	100	433.660550458716	12.5345305555556	36.2785321100917	803.51
182	Ca_013	Transmitter	Carprofen	0	17	91.8918918918919	2	0.178125	0.805625	0.241071428571429	0	31.4854299928927	646	4.04480659340659	36.4533695652174	34.87
183	Ca_013	Transmitter	Carprofen	1	17.8	96.2162162162162	1	0.215625	NA	NA	36.9252873563218	72.6293103448276	545.816513761468	7.05972592592593	37.1477064220184	178.18
184	Ca_013	Transmitter	Carprofen	2	17.9	96.7567567567567	0	0.028125	NA	NA	41.4112615823236	96.0085531004989	514.495412844037	7.63398518518518	37.0774311926606	154
185	Ca_013	Transmitter	Carprofen	3	17.7	95.6756756756757	1	NA	NA	NA	NA	NA	485.596330275229	7.73696481481481	36.8094495412844	284.06
186	Ca_013	Transmitter	Carprofen	4	18.2	98.3783783783784	0	0.1	NA	NA	48.3250178189594	100	538.192660550459	7.45820277777777	37.015504587156	285.18
187	Ca_013	Transmitter	Carprofen	5	18	97.2972972972973	0	NA	NA	NA	NA	NA	476.018348623853	7.78815925925926	36.4278899082569	379.16
188	Ca_013	Transmitter	Carprofen	6	18.5	100	0	0.11875	NA	NA	NA	NA	NA	NA	NA	NA
189	Ca_013	Transmitter	Carprofen	7	18.6	100.540540540541	0	NA	NA	NA	79.8289379900214	85.2459016393443	459.770642201835	9.04773611111111	36.4726605504587	498.58
190	Ca_013	Transmitter	Carprofen	8	19	102.702702702703	0	NA	NA	NA	NA	NA	NA	NA	NA	NA
191	Ca_013	Transmitter	Carprofen	9	19.1	103.243243243243	0	NA	NA	NA	NA	NA	NA	NA	NA	NA
192	Ca_013	Transmitter	Carprofen	10	18.9	102.162162162162	0	NA	NA	NA	NA	NA	NA	NA	NA	NA
193	Ca_013	Transmitter	Carprofen	11	19.3	104.324324324324	0	NA	NA	NA	NA	NA	NA	NA	NA	NA
194	Ca_013	Transmitter	Carprofen	12	19.9	107.567567567568	0	NA	NA	NA	NA	NA	NA	NA	NA	NA
195	Ca_013	Transmitter	Carprofen	13	20	108.108108108108	0	NA	NA	NA	NA	NA	NA	NA	NA	NA
196	Ca_013	Transmitter	Carprofen	14	19.7	106.486486486486	0	NA	NA	NA	NA	NA	439.477064220183	14.1691712962963	36.3459633027523	880.66
197	Ca_013	Transmitter	Carprofen	15	20	108.108108108108	0	NA	NA	NA	NA	NA	NA	NA	NA	NA
198	Ca_013	Transmitter	Carprofen	16	20.4	110.27027027027	0	NA	NA	NA	NA	NA	NA	NA	NA	NA
199	Ca_013	Transmitter	Carprofen	17	20.8	112.432432432432	0	NA	NA	NA	NA	NA	NA	NA	NA	NA
200	Ca_013	Transmitter	Carprofen	18	20.8	112.432432432432	0	NA	NA	NA	NA	NA	NA	NA	NA	NA
201	Ca_013	Transmitter	Carprofen	19	20.1	108.648648648649	0	NA	NA	NA	NA	NA	NA	NA	NA	NA
202	Ca_013	Transmitter	Carprofen	20	20.5	110.810810810811	0	NA	NA	NA	NA	NA	NA	NA	NA	NA
203	Ca_013	Transmitter	Carprofen	21	20.7	111.891891891892	0	NA	NA	NA	NA	NA	NA	NA	NA	NA
204	Ca_013	Transmitter	Carprofen	22	20.9	112.972972972973	0	NA	NA	NA	NA	NA	NA	NA	NA	NA
205	Ca_013	Transmitter	Carprofen	23	20.2	109.189189189189	0	NA	NA	NA	NA	NA	NA	NA	NA	NA
206	Ca_013	Transmitter	Carprofen	24	20.7	111.891891891892	0	NA	NA	NA	NA	NA	NA	NA	NA	NA
207	Ca_013	Transmitter	Carprofen	25	19.1	103.243243243243	0	NA	NA	NA	NA	NA	NA	NA	NA	NA
208	Ca_013	Transmitter	Carprofen	26	21	113.513513513514	0	NA	NA	NA	NA	NA	NA	NA	NA	NA
209	Ca_013	Transmitter	Carprofen	27	20.8	112.432432432432	0	NA	NA	NA	NA	NA	NA	NA	NA	NA
210	Ca_013	Transmitter	Carprofen	28	20.8	112.432432432432	0	NA	NA	NA	NA	NA	433.660550458716	12.5345305555556	36.2785321100917	803.51
211	TM+B06	Transmitter	Metamizol	-1	19.9	100	0	0.2203125	NA	NA	83.616551213338	93.1575196008553	456.229357798165	13.4704321100917	35.5992660550459	591.1
212	TM+B06	Transmitter	Metamizol	0	18.2	91.4572864321608	2	0.36875	0.915625	0.96875	0	39.4718058529622	584.495652173913	3.27705384615385	34.1033043478261	91.06
213	TM+B06	Transmitter	Metamizol	1	17.7	88.9447236180905	2	0.197321428571429	NA	NA	53.0758226037196	74.1058655221745	552.862385321101	5.59559082568807	37.1700917431193	198.46
214	TM+B06	Transmitter	Metamizol	2	17.5	87.9396984924623	2	0.1625	NA	NA	62.5714285714286	100	509.201834862385	6.08636880733945	36.9073394495413	305.66
215	TM+B06	Transmitter	Metamizol	3	17.4	87.4371859296482	2	NA	NA	NA	NA	NA	457.422018348624	6.70457155963303	36.2809174311926	322.26
216	TM+B06	Transmitter	Metamizol	4	18	90.4522613065327	2	0.134375	NA	NA	80.9864188706219	95.711222301644	538.366972477064	6.38300733944954	36.8789908256881	482.86
217	TM+B06	Transmitter	Metamizol	5	18.5	92.964824120603	2	NA	NA	NA	NA	NA	468.43119266055	7.93331743119266	36.5416513761468	511.66
218	TM+B06	Transmitter	Metamizol	6	18.8	94.4723618090452	1	0.0375	NA	NA	NA	NA	NA	NA	NA	NA
219	TM+B06	Transmitter	Metamizol	7	19.1	95.9798994974875	1	NA	NA	NA	94.0256045519203	95.3769559032717	443.128440366972	10.3310302752294	36.0389908256881	538.86
220	TM+B06	Transmitter	Metamizol	8	19.3	96.9849246231156	0	NA	NA	NA	NA	NA	NA	NA	NA	NA
221	TM+B06	Transmitter	Metamizol	9	19.7	98.9949748743719	0	NA	NA	NA	NA	NA	NA	NA	NA	NA
222	TM+B06	Transmitter	Metamizol	10	20.2	101.507537688442	0	NA	NA	NA	NA	NA	NA	NA	NA	NA
223	TM+B06	Transmitter	Metamizol	11	19.8	99.4974874371859	0	NA	NA	NA	NA	NA	NA	NA	NA	NA
224	TM+B06	Transmitter	Metamizol	12	20.1	101.005025125628	0	NA	NA	NA	NA	NA	NA	NA	NA	NA
225	TM+B06	Transmitter	Metamizol	13	20.5	103.015075376884	0	NA	NA	NA	NA	NA	NA	NA	NA	NA
226	TM+B06	Transmitter	Metamizol	14	20.6	103.517587939699	0	NA	NA	NA	NA	NA	404.256880733945	16.6370678899083	35.6929357798165	660.06
227	TM+B06	Transmitter	Metamizol	15	20.7	104.020100502513	0	NA	NA	NA	NA	NA	NA	NA	NA	NA
228	TM+B06	Transmitter	Metamizol	16	20.5	103.015075376884	0	NA	NA	NA	NA	NA	NA	NA	NA	NA
229	TM+B06	Transmitter	Metamizol	17	20.3	102.010050251256	0	NA	NA	NA	NA	NA	NA	NA	NA	NA
230	TM+B06	Transmitter	Metamizol	18	20.9	105.025125628141	0	NA	NA	NA	NA	NA	NA	NA	NA	NA
231	TM+B06	Transmitter	Metamizol	19	20.9	105.025125628141	0	NA	NA	NA	NA	NA	NA	NA	NA	NA
232	TM+B06	Transmitter	Metamizol	20	20.9	105.025125628141	0	NA	NA	NA	NA	NA	NA	NA	NA	NA
233	TM+B06	Transmitter	Metamizol	21	20.9	105.025125628141	0	NA	NA	NA	NA	NA	NA	NA	NA	NA
234	TM+B06	Transmitter	Metamizol	22	21	105.527638190955	0	NA	NA	NA	NA	NA	NA	NA	NA	NA
235	TM+B06	Transmitter	Metamizol	23	20.7	104.020100502513	0	NA	NA	NA	NA	NA	NA	NA	NA	NA
236	TM+B06	Transmitter	Metamizol	24	21.2	106.532663316583	0	NA	NA	NA	NA	NA	NA	NA	NA	NA
237	TM+B06	Transmitter	Metamizol	25	21.8	109.547738693467	0	NA	NA	NA	NA	NA	NA	NA	NA	NA
238	TM+B06	Transmitter	Metamizol	26	20.3	102.010050251256	0	NA	NA	NA	NA	NA	NA	NA	NA	NA
239	TM+B06	Transmitter	Metamizol	27	21.6	108.542713567839	0	NA	NA	NA	NA	NA	NA	NA	NA	NA
240	TM+B06	Transmitter	Metamizol	28	22.1	111.06	0	NA	NA	NA	NA	NA	456.229357798165	13.4704321100917	35.5992660550459	591.1
241	TM+B07	Transmitter	Metamizol	-1	20.5	100	0	0.137857142857143	NA	NA	75.7436766634962	89.0886852358564	461.009174311927	14.9378247706422	36.56	760.58
242	TM+B07	Transmitter	Metamizol	0	18.5	90.2439024390244	2	0.125	0.7	0.7375	0	44.1910192444761	674.900900900901	3.54236486486486	37.1484684684685	85.6600000000001
243	TM+B07	Transmitter	Metamizol	1	18.5	90.2439024390244	2	0.075	NA	NA	0	79.6573875802998	560.440366972477	5.65788623853211	37.4154128440367	405.46
244	TM+B07	Transmitter	Metamizol	2	18.9	92.1951219512195	2	0.05	NA	NA	60.8446671438797	77.6664280601289	551.706422018349	6.73196605504587	37.5062385321101	287.26
245	TM+B07	Transmitter	Metamizol	3	19.2	93.6585365853659	2	NA	NA	NA	NA	NA	477.091743119266	8.11624311926605	36.6337614678899	397.86
246	TM+B07	Transmitter	Metamizol	4	20.1	98.0487804878049	0	0.0625	NA	NA	77.9612347451543	82.3402727925341	533.788990825688	7.23793211009174	36.954495412844	795.26
247	TM+B07	Transmitter	Metamizol	5	20.1	98.0487804878049	0	NA	NA	NA	NA	NA	487.467889908257	9.24084403669725	36.8240366972477	452.86
248	TM+B07	Transmitter	Metamizol	6	20.1	98.0487804878049	0	0.0375	NA	NA	NA	NA	NA	NA	NA	NA
249	TM+B07	Transmitter	Metamizol	7	20.3	99.0243902439024	0	NA	NA	NA	100	100	445.155963302752	13.5523899082569	36.5924770642202	609.06
250	TM+B07	Transmitter	Metamizol	8	20.6	100.487804878049	0	NA	NA	NA	NA	NA	NA	NA	NA	NA
251	TM+B07	Transmitter	Metamizol	9	20.8	101.463414634146	0	NA	NA	NA	NA	NA	NA	NA	NA	NA
252	TM+B07	Transmitter	Metamizol	10	20.9	101.951219512195	0	NA	NA	NA	NA	NA	NA	NA	NA	NA
253	TM+B07	Transmitter	Metamizol	11	21	102.439024390244	0	NA	NA	NA	NA	NA	NA	NA	NA	NA
254	TM+B07	Transmitter	Metamizol	12	20.9	101.951219512195	0	NA	NA	NA	NA	NA	NA	NA	NA	NA
255	TM+B07	Transmitter	Metamizol	13	21.3	103.90243902439	0	NA	NA	NA	NA	NA	NA	NA	NA	NA
256	TM+B07	Transmitter	Metamizol	14	21.4	104.390243902439	0	NA	NA	NA	NA	NA	474.266055045872	13.5435100917431	36.3703669724771	741.009999999999
257	TM+B07	Transmitter	Metamizol	15	21.6	105.365853658537	0	NA	NA	NA	NA	NA	NA	NA	NA	NA
258	TM+B07	Transmitter	Metamizol	16	21.5	104.878048780488	0	NA	NA	NA	NA	NA	NA	NA	NA	NA
259	TM+B07	Transmitter	Metamizol	17	21.6	105.365853658537	0	NA	NA	NA	NA	NA	NA	NA	NA	NA
260	TM+B07	Transmitter	Metamizol	18	21.8	106.341463414634	0	NA	NA	NA	NA	NA	NA	NA	NA	NA
261	TM+B07	Transmitter	Metamizol	19	22.3	108.780487804878	0	NA	NA	NA	NA	NA	NA	NA	NA	NA
262	TM+B07	Transmitter	Metamizol	20	21.6	105.365853658537	0	NA	NA	NA	NA	NA	NA	NA	NA	NA
263	TM+B07	Transmitter	Metamizol	21	21.8	106.341463414634	0	NA	NA	NA	NA	NA	NA	NA	NA	NA
264	TM+B07	Transmitter	Metamizol	22	21.8	106.341463414634	0	NA	NA	NA	NA	NA	NA	NA	NA	NA
265	TM+B07	Transmitter	Metamizol	23	22.3	108.780487804878	0	NA	NA	NA	NA	NA	NA	NA	NA	NA
266	TM+B07	Transmitter	Metamizol	24	21.9	106.829268292683	0	NA	NA	NA	NA	NA	NA	NA	NA	NA
267	TM+B07	Transmitter	Metamizol	25	22	107.317073170732	0	NA	NA	NA	NA	NA	NA	NA	NA	NA
268	TM+B07	Transmitter	Metamizol	26	21.9	106.829268292683	0	NA	NA	NA	NA	NA	NA	NA	NA	NA
269	TM+B07	Transmitter	Metamizol	27	21.9	106.829268292683	0	NA	NA	NA	NA	NA	NA	NA	NA	NA
270	TM+B07	Transmitter	Metamizol	28	22.5	109.76	0	NA	NA	NA	NA	NA	461.009174311927	14.9378247706422	36.56	760.58
271	TM+B08	Transmitter	Metamizol	-1	20.4	100	0	0.04375	NA	NA	82.8497727119774	86.9222713710903	427.559633027523	16.7875467889908	36.6575229357798	2154.48
272	TM+B08	Transmitter	Metamizol	0	17.6	86.2745098039216	3	0.075	0.875	0.828125	0	23.2474964234621	597.077669902913	6.5314932038835	36.6939805825243	188.66
273	TM+B08	Transmitter	Metamizol	1	18.3	89.7058823529412	2	0.05	NA	NA	52.6881720430108	75.5555555555556	516.128440366972	8.6142880733945	37.1975229357798	252.26
274	TM+B08	Transmitter	Metamizol	2	18.9	92.6470588235294	2	0.0625	NA	NA	65.2578796561605	94.8424068767908	510.165137614679	7.52109082568807	37.2922018348624	384.66
275	TM+B08	Transmitter	Metamizol	3	18.6	91.1764705882353	2	NA	NA	NA	NA	NA	484.220183486239	6.63507981651376	36.9166972477064	455.06
276	TM+B08	Transmitter	Metamizol	4	19.5	95.5882352941177	1	0.025	NA	NA	91.0650464617584	91.3509649749821	530.825688073395	7.54107706422019	37.2635779816514	789.259999999999
277	TM+B08	Transmitter	Metamizol	5	20.1	98.5294117647059	0	NA	NA	NA	NA	NA	483.807339449541	8.20758348623853	36.6711926605505	742.859999999999
278	TM+B08	Transmitter	Metamizol	6	20.1	98.5294117647059	0	0.0375	NA	NA	NA	NA	NA	NA	NA	NA
279	TM+B08	Transmitter	Metamizol	7	20.1	98.5294117647059	0	NA	NA	NA	71.009305654975	92.9849677881174	479.119266055046	12.4121889908257	36.7255963302752	646.859999999999
280	TM+B08	Transmitter	Metamizol	8	20.3	99.5098039215686	0	NA	NA	NA	NA	NA	NA	NA	NA	NA
281	TM+B08	Transmitter	Metamizol	9	20.7	101.470588235294	0	NA	NA	NA	NA	NA	NA	NA	NA	NA
282	TM+B08	Transmitter	Metamizol	10	21.5	105.392156862745	0	NA	NA	NA	NA	NA	NA	NA	NA	NA
283	TM+B08	Transmitter	Metamizol	11	21.4	104.901960784314	0	NA	NA	NA	NA	NA	NA	NA	NA	NA
284	TM+B08	Transmitter	Metamizol	12	21.3	104.411764705882	0	NA	NA	NA	NA	NA	NA	NA	NA	NA
285	TM+B08	Transmitter	Metamizol	13	21.5	105.392156862745	0	NA	NA	NA	NA	NA	NA	NA	NA	NA
286	TM+B08	Transmitter	Metamizol	14	22	107.843137254902	0	NA	NA	NA	NA	NA	442.51376146789	16.6167266055046	36.3538532110092	1405.15
287	TM+B08	Transmitter	Metamizol	15	22.6	110.78431372549	0	NA	NA	NA	NA	NA	NA	NA	NA	NA
288	TM+B08	Transmitter	Metamizol	16	21	102.941176470588	0	NA	NA	NA	NA	NA	NA	NA	NA	NA
289	TM+B08	Transmitter	Metamizol	17	22.6	110.78431372549	0	NA	NA	NA	NA	NA	NA	NA	NA	NA
290	TM+B08	Transmitter	Metamizol	18	22.2	108.823529411765	0	NA	NA	NA	NA	NA	NA	NA	NA	NA
291	TM+B08	Transmitter	Metamizol	19	22.5	110.294117647059	0	NA	NA	NA	NA	NA	NA	NA	NA	NA
292	TM+B08	Transmitter	Metamizol	20	22.2	108.823529411765	0	NA	NA	NA	NA	NA	NA	NA	NA	NA
293	TM+B08	Transmitter	Metamizol	21	22.1	108.333333333333	0	NA	NA	NA	NA	NA	NA	NA	NA	NA
294	TM+B08	Transmitter	Metamizol	22	22.2	108.823529411765	0	NA	NA	NA	NA	NA	NA	NA	NA	NA
295	TM+B08	Transmitter	Metamizol	23	22.2	108.823529411765	0	NA	NA	NA	NA	NA	NA	NA	NA	NA
296	TM+B08	Transmitter	Metamizol	24	22.6	110.78431372549	0	NA	NA	NA	NA	NA	NA	NA	NA	NA
297	TM+B08	Transmitter	Metamizol	25	22.7	111.274509803922	0	NA	NA	NA	NA	NA	NA	NA	NA	NA
298	TM+B08	Transmitter	Metamizol	26	22.1	108.333333333333	0	NA	NA	NA	NA	NA	NA	NA	NA	NA
299	TM+B08	Transmitter	Metamizol	27	22.3	109.313725490196	0	NA	NA	NA	NA	NA	NA	NA	NA	NA
300	TM+B08	Transmitter	Metamizol	28	22.5	110.29	0	NA	NA	NA	NA	NA	427.559633027523	16.7875467889908	36.6575229357798	2154.48
301	TM+B09	Transmitter	Metamizol	-1	20.3	100	0	0.1328125	NA	NA	58.2298741996911	80.1817282173541	439.770642201835	16.631223853211	36.2755963302752	1408.15
302	TM+B09	Transmitter	Metamizol	0	18.6	91.6256157635468	2	0.1375	0.971428571428572	0.899553571428571	0	43.3975731620271	590.591836734694	5.57251354166667	35.5360204081633	81.26
303	TM+B09	Transmitter	Metamizol	1	18.4	90.6403940886699	2	0.025	NA	NA	34.8853868194842	50.8595988538682	607.54128440367	4.99481834862385	37.465871559633	168.06
304	TM+B09	Transmitter	Metamizol	2	18.8	92.6108374384236	2	0.0125	NA	NA	45.2979181622398	81.5506101938263	535.238532110092	5.96069633027523	37.1698165137615	316.06
305	TM+B09	Transmitter	Metamizol	3	18.9	93.103448275862	2	NA	NA	NA	NA	NA	512.651376146789	5.37892844036697	36.7687155963303	352.06
306	TM+B09	Transmitter	Metamizol	4	20	98.5221674876847	0	0.040625	NA	NA	67.1438797423049	89.2627057981389	551.422018348624	5.9714	37.0946788990826	624.86
307	TM+B09	Transmitter	Metamizol	5	20.2	99.5073891625616	0	NA	NA	NA	NA	NA	510.201834862385	7.33662018348624	36.8087155963303	740.449999999999
308	TM+B09	Transmitter	Metamizol	6	20.4	100.492610837438	0	0.190625	NA	NA	NA	NA	NA	NA	NA	NA
309	TM+B09	Transmitter	Metamizol	7	20	98.5221674876847	0	NA	NA	NA	57.2961373390558	96.137339055794	485.688073394495	10.8521376146789	36.5668807339449	916.259999999999
310	TM+B09	Transmitter	Metamizol	8	21.2	104.433497536946	0	NA	NA	NA	NA	NA	NA	NA	NA	NA
311	TM+B09	Transmitter	Metamizol	9	21.1	103.940886699507	0	NA	NA	NA	NA	NA	NA	NA	NA	NA
312	TM+B09	Transmitter	Metamizol	10	21.8	107.389162561576	0	NA	NA	NA	NA	NA	NA	NA	NA	NA
313	TM+B09	Transmitter	Metamizol	11	21.5	105.911330049261	0	NA	NA	NA	NA	NA	NA	NA	NA	NA
314	TM+B09	Transmitter	Metamizol	12	21.8	107.389162561576	0	NA	NA	NA	NA	NA	NA	NA	NA	NA
315	TM+B09	Transmitter	Metamizol	13	22.2	109.35960591133	0	NA	NA	NA	NA	NA	NA	NA	NA	NA
316	TM+B09	Transmitter	Metamizol	14	22.7	111.822660098522	0	NA	NA	NA	NA	NA	453.311926605505	15.0234550458716	36.2237614678899	1862.16
317	TM+B09	Transmitter	Metamizol	15	22.5	110.837438423645	0	NA	NA	NA	NA	NA	NA	NA	NA	NA
318	TM+B09	Transmitter	Metamizol	16	22.1	108.866995073892	0	NA	NA	NA	NA	NA	NA	NA	NA	NA
319	TM+B09	Transmitter	Metamizol	17	22.4	110.344827586207	0	NA	NA	NA	NA	NA	NA	NA	NA	NA
320	TM+B09	Transmitter	Metamizol	18	22.8	112.315270935961	0	NA	NA	NA	NA	NA	NA	NA	NA	NA
321	TM+B09	Transmitter	Metamizol	19	23	113.300492610837	0	NA	NA	NA	NA	NA	NA	NA	NA	NA
322	TM+B09	Transmitter	Metamizol	20	23.2	114.285714285714	0	NA	NA	NA	NA	NA	NA	NA	NA	NA
323	TM+B09	Transmitter	Metamizol	21	22.8	112.315270935961	0	NA	NA	NA	NA	NA	NA	NA	NA	NA
324	TM+B09	Transmitter	Metamizol	22	23	113.300492610837	0	NA	NA	NA	NA	NA	NA	NA	NA	NA
325	TM+B09	Transmitter	Metamizol	23	22.8	112.315270935961	0	NA	NA	NA	NA	NA	NA	NA	NA	NA
326	TM+B09	Transmitter	Metamizol	24	23	113.300492610837	0	NA	NA	NA	NA	NA	NA	NA	NA	NA
327	TM+B09	Transmitter	Metamizol	25	23.4	115.270935960591	0	NA	NA	NA	NA	NA	NA	NA	NA	NA
328	TM+B09	Transmitter	Metamizol	26	23.1	113.793103448276	0	NA	NA	NA	NA	NA	NA	NA	NA	NA
329	TM+B09	Transmitter	Metamizol	27	23	113.300492610837	0	NA	NA	NA	NA	NA	NA	NA	NA	NA
330	TM+B09	Transmitter	Metamizol	28	23.1	113.79	0	NA	NA	NA	NA	NA	439.770642201835	16.631223853211	36.2755963302752	1408.15
331	TM+B10	Transmitter	Metamizol	-1	19.8	100	0	0.0953125	NA	NA	77.0554997469616	95.6934086926655	443.54128440367	15.237695412844	36.5585321100917	1340.22
332	TM+B10	Transmitter	Metamizol	0	18	90.9090909090909	2	0.228571428571429	0.983333333333333	0.27625	0	3.8488952245189	652.879120879121	4.4404934065934	37.3545054945055	266.66
333	TM+B10	Transmitter	Metamizol	1	18.1	91.4141414141414	2	0.03125	NA	NA	39.3419170243205	50.2861230329042	568.94495412844	5.83032935779816	37.5204587155963	347.86
334	TM+B10	Transmitter	Metamizol	2	18.6	93.9393939393939	2	0.05	NA	NA	38.2963493199714	91.4101646385111	514.770642201835	8.02809541284403	37.3366972477064	284.26
335	TM+B10	Transmitter	Metamizol	3	18.4	92.9292929292929	2	NA	NA	NA	NA	NA	500.605504587156	8.62046513761468	37.0271559633027	698.25
336	TM+B10	Transmitter	Metamizol	4	18.9	95.4545454545455	1	0.0625	NA	NA	35.7398141529664	87.8484631879914	529.94495412844	7.18899724770642	36.8146788990826	436.66
337	TM+B10	Transmitter	Metamizol	5	19.2	96.969696969697	0	NA	NA	NA	NA	NA	452.752293577982	9.39565963302752	36.4646788990825	819.059999999999
338	TM+B10	Transmitter	Metamizol	6	19.4	97.979797979798	0	0.075	NA	NA	NA	NA	NA	NA	NA	NA
339	TM+B10	Transmitter	Metamizol	7	19.7	99.4949494949495	0	NA	NA	NA	66.4290805416964	76.3364219529579	445.871559633028	12.8917275229358	36.5834862385321	683.86
340	TM+B10	Transmitter	Metamizol	8	20	101.010101010101	0	NA	NA	NA	NA	NA	NA	NA	NA	NA
341	TM+B10	Transmitter	Metamizol	9	20.3	102.525252525253	0	NA	NA	NA	NA	NA	NA	NA	NA	NA
342	TM+B10	Transmitter	Metamizol	10	20.9	105.555555555556	0	NA	NA	NA	NA	NA	NA	NA	NA	NA
343	TM+B10	Transmitter	Metamizol	11	20.8	105.050505050505	0	NA	NA	NA	NA	NA	NA	NA	NA	NA
344	TM+B10	Transmitter	Metamizol	12	20.7	104.545454545455	0	NA	NA	NA	NA	NA	NA	NA	NA	NA
345	TM+B10	Transmitter	Metamizol	13	21.1	106.565656565657	0	NA	NA	NA	NA	NA	NA	NA	NA	NA
346	TM+B10	Transmitter	Metamizol	14	21.2	107.070707070707	0	NA	NA	NA	NA	NA	430.220183486239	14.8274302752294	36.173119266055	1227.64
347	TM+B10	Transmitter	Metamizol	15	21.6	109.090909090909	0	NA	NA	NA	NA	NA	NA	NA	NA	NA
348	TM+B10	Transmitter	Metamizol	16	21.6	109.090909090909	0	NA	NA	NA	NA	NA	NA	NA	NA	NA
349	TM+B10	Transmitter	Metamizol	17	21	106.060606060606	0	NA	NA	NA	NA	NA	NA	NA	NA	NA
350	TM+B10	Transmitter	Metamizol	18	21.8	110.10101010101	0	NA	NA	NA	NA	NA	NA	NA	NA	NA
351	TM+B10	Transmitter	Metamizol	19	22.1	111.616161616162	0	NA	NA	NA	NA	NA	NA	NA	NA	NA
352	TM+B10	Transmitter	Metamizol	20	21.9	110.606060606061	0	NA	NA	NA	NA	NA	NA	NA	NA	NA
353	TM+B10	Transmitter	Metamizol	21	21.8	110.10101010101	0	NA	NA	NA	NA	NA	NA	NA	NA	NA
354	TM+B10	Transmitter	Metamizol	22	21.8	110.10101010101	0	NA	NA	NA	NA	NA	NA	NA	NA	NA
355	TM+B10	Transmitter	Metamizol	23	22.2	112.121212121212	0	NA	NA	NA	NA	NA	NA	NA	NA	NA
356	TM+B10	Transmitter	Metamizol	24	22.3	112.626262626263	0	NA	NA	NA	NA	NA	NA	NA	NA	NA
357	TM+B10	Transmitter	Metamizol	25	22.1	111.616161616162	0	NA	NA	NA	NA	NA	NA	NA	NA	NA
358	TM+B10	Transmitter	Metamizol	26	22.1	111.616161616162	0	NA	NA	NA	NA	NA	NA	NA	NA	NA
359	TM+B10	Transmitter	Metamizol	27	22.3	112.626262626263	0	NA	NA	NA	NA	NA	NA	NA	NA	NA
360	TM+B10	Transmitter	Metamizol	28	22.4	113.13	0	NA	NA	NA	NA	NA	443.54128440367	15.237695412844	36.5585321100917	1340.22
361	TM+B11	Transmitter	Metamizol	-1	20.4	100	0	0.0333333333333333	NA	NA	43.871270677583	90.2090852609248	471.834862385321	14.5750321100917	36.5588073394495	1234.26
362	TM+B11	Transmitter	Metamizol	0	18.1	88.7254901960785	2	0.1	0.313392857142857	0.558333333333333	0	0	641.851851851852	3.6042	36.6372839506173	248.66
363	TM+B11	Transmitter	Metamizol	1	18.1	88.7254901960785	2	0.0375	NA	NA	53.1161473087819	79.0368271954674	624.752293577982	5.61537064220183	37.5169724770642	359.66
364	TM+B11	Transmitter	Metamizol	2	18.2	89.2156862745098	2	0.0375	NA	NA	54.7738693467337	88.872936109117	514.642201834862	6.97791376146789	37.2364220183486	599.66
365	TM+B11	Transmitter	Metamizol	3	18.7	91.6666666666667	2	NA	NA	NA	NA	NA	454.348623853211	6.71123394495413	36.7184403669725	597.86
366	TM+B11	Transmitter	Metamizol	4	19.4	95.0980392156863	1	0.0375	NA	NA	70.8896797153025	91.6014234875445	503.788990825688	8.1877	37.0744036697248	1294.26
367	TM+B11	Transmitter	Metamizol	5	19.5	95.5882352941177	1	NA	NA	NA	NA	NA	457.844036697248	8.98987064220184	36.7129357798165	855.07
368	TM+B11	Transmitter	Metamizol	6	19.5	95.5882352941177	1	0.1	NA	NA	NA	NA	NA	NA	NA	NA
369	TM+B11	Transmitter	Metamizol	7	19.8	97.0588235294118	0	NA	NA	NA	79.5830337886413	86.7002156721783	455.94495412844	11.0430660550459	36.5611926605505	683.26
370	TM+B11	Transmitter	Metamizol	8	20.2	99.0196078431373	0	NA	NA	NA	NA	NA	NA	NA	NA	NA
371	TM+B11	Transmitter	Metamizol	9	20.6	100.980392156863	0	NA	NA	NA	NA	NA	NA	NA	NA	NA
372	TM+B11	Transmitter	Metamizol	10	20.6	100.980392156863	0	NA	NA	NA	NA	NA	NA	NA	NA	NA
373	TM+B11	Transmitter	Metamizol	11	20.7	101.470588235294	0	NA	NA	NA	NA	NA	NA	NA	NA	NA
374	TM+B11	Transmitter	Metamizol	12	20.7	101.470588235294	0	NA	NA	NA	NA	NA	NA	NA	NA	NA
375	TM+B11	Transmitter	Metamizol	13	21.3	104.411764705882	0	NA	NA	NA	NA	NA	NA	NA	NA	NA
376	TM+B11	Transmitter	Metamizol	14	21.4	104.901960784314	0	NA	NA	NA	NA	NA	457.51376146789	16.6759449541284	36.3475229357798	1472.35
377	TM+B11	Transmitter	Metamizol	15	20.6	100.980392156863	0	NA	NA	NA	NA	NA	NA	NA	NA	NA
378	TM+B11	Transmitter	Metamizol	16	20.9	102.450980392157	0	NA	NA	NA	NA	NA	NA	NA	NA	NA
379	TM+B11	Transmitter	Metamizol	17	21	102.941176470588	0	NA	NA	NA	NA	NA	NA	NA	NA	NA
380	TM+B11	Transmitter	Metamizol	18	21.4	104.901960784314	0	NA	NA	NA	NA	NA	NA	NA	NA	NA
381	TM+B11	Transmitter	Metamizol	19	21.6	105.882352941176	0	NA	NA	NA	NA	NA	NA	NA	NA	NA
382	TM+B11	Transmitter	Metamizol	20	21.9	107.352941176471	0	NA	NA	NA	NA	NA	NA	NA	NA	NA
383	TM+B11	Transmitter	Metamizol	21	21.9	107.352941176471	0	NA	NA	NA	NA	NA	NA	NA	NA	NA
384	TM+B11	Transmitter	Metamizol	22	21.5	105.392156862745	0	NA	NA	NA	NA	NA	NA	NA	NA	NA
385	TM+B11	Transmitter	Metamizol	23	21.5	105.392156862745	0	NA	NA	NA	NA	NA	NA	NA	NA	NA
386	TM+B11	Transmitter	Metamizol	24	22.1	108.333333333333	0	NA	NA	NA	NA	NA	NA	NA	NA	NA
387	TM+B11	Transmitter	Metamizol	25	22.4	109.803921568627	0	NA	NA	NA	NA	NA	NA	NA	NA	NA
388	TM+B11	Transmitter	Metamizol	26	21.9	107.352941176471	0	NA	NA	NA	NA	NA	NA	NA	NA	NA
389	TM+B11	Transmitter	Metamizol	27	22.1	108.333333333333	0	NA	NA	NA	NA	NA	NA	NA	NA	NA
390	TM+B11	Transmitter	Metamizol	28	22.3	109.31	0	NA	NA	NA	NA	NA	471.834862385321	14.5750321100917	36.5588073394495	1234.26
391	Ca_002	Sham	Carprofen	-1	18.3	100	0	0.184065934065934	NA	NA	72.4535666715998	90.4500271323566	NA	NA	NA	NA
392	Ca_002	Sham	Carprofen	0	17.9	97.8142076502732	0	0.278125	0.8125	0.206696428571429	63.6298421807748	82.2094691535151	NA	NA	NA	NA
393	Ca_002	Sham	Carprofen	1	17.7	96.7213114754098	0	0.1125	NA	NA	73.0225988700565	88.135593220339	NA	NA	NA	NA
394	Ca_002	Sham	Carprofen	2	17.8	97.2677595628415	0	0.0875	NA	NA	91.1660777385159	94.1342756183746	NA	NA	NA	NA
395	Ca_002	Sham	Carprofen	3	17.9	97.8142076502732	0	NA	NA	NA	NA	NA	NA	NA	NA	NA
396	Ca_002	Sham	Carprofen	4	18.2	99.4535519125683	0	0.078125	NA	NA	90.2698863636364	92.6846590909091	NA	NA	NA	NA
397	Ca_002	Sham	Carprofen	5	18.8	102.732240437158	0	NA	NA	NA	NA	NA	NA	NA	NA	NA
398	Ca_002	Sham	Carprofen	6	18.2	99.4535519125683	0	0.115625	NA	NA	NA	NA	NA	NA	NA	NA
399	Ca_002	Sham	Carprofen	7	17.8	97.2677595628415	0	NA	NA	NA	90.5270655270655	90.5270655270655	NA	NA	NA	NA
400	Ca_002	Sham	Carprofen	8	18.5	101.092896174863	0	NA	NA	NA	NA	NA	NA	NA	NA	NA
401	Ca_002	Sham	Carprofen	9	18.8	102.732240437158	0	NA	NA	NA	NA	NA	NA	NA	NA	NA
402	Ca_002	Sham	Carprofen	10	18.9	103.27868852459	0	NA	NA	NA	NA	NA	NA	NA	NA	NA
403	Ca_002	Sham	Carprofen	11	18.5	101.092896174863	0	NA	NA	NA	NA	NA	NA	NA	NA	NA
404	Ca_002	Sham	Carprofen	12	18.8	102.732240437158	0	NA	NA	NA	NA	NA	NA	NA	NA	NA
405	Ca_002	Sham	Carprofen	13	19.2	104.918032786885	0	NA	NA	NA	NA	NA	NA	NA	NA	NA
406	Ca_002	Sham	Carprofen	14	19.4	106.010928961749	0	NA	NA	NA	NA	NA	NA	NA	NA	NA
407	Ca_002	Sham	Carprofen	15	19.6	107.103825136612	0	NA	NA	NA	NA	NA	NA	NA	NA	NA
408	Ca_002	Sham	Carprofen	16	19.4	106.010928961749	0	NA	NA	NA	NA	NA	NA	NA	NA	NA
409	Ca_002	Sham	Carprofen	17	19.2	104.918032786885	0	NA	NA	NA	NA	NA	NA	NA	NA	NA
410	Ca_002	Sham	Carprofen	18	19.6	107.103825136612	0	NA	NA	NA	NA	NA	NA	NA	NA	NA
411	Ca_002	Sham	Carprofen	19	19.9	108.743169398907	0	NA	NA	NA	NA	NA	NA	NA	NA	NA
412	Ca_002	Sham	Carprofen	20	19.7	107.650273224044	0	NA	NA	NA	NA	NA	NA	NA	NA	NA
413	Ca_002	Sham	Carprofen	21	19.7	107.650273224044	0	NA	NA	NA	NA	NA	NA	NA	NA	NA
414	Ca_002	Sham	Carprofen	22	20	109.289617486339	0	NA	NA	NA	NA	NA	NA	NA	NA	NA
415	Ca_002	Sham	Carprofen	23	19.8	108.196721311475	0	NA	NA	NA	NA	NA	NA	NA	NA	NA
416	Ca_002	Sham	Carprofen	24	19.9	108.743169398907	0	NA	NA	NA	NA	NA	NA	NA	NA	NA
417	Ca_002	Sham	Carprofen	25	19.8	108.196721311475	0	NA	NA	NA	NA	NA	NA	NA	NA	NA
418	Ca_002	Sham	Carprofen	26	19.8	108.196721311475	0	NA	NA	NA	NA	NA	NA	NA	NA	NA
419	Ca_002	Sham	Carprofen	27	20.1	109.83606557377	0	NA	NA	NA	NA	NA	NA	NA	NA	NA
420	Ca_002	Sham	Carprofen	28	20.8	113.66	0	NA	NA	NA	NA	NA	NA	NA	NA	NA
421	Ca_004	Sham	Carprofen	-1	19.3	100	0	0.15	NA	NA	59.0427701153793	96.8252339881201	NA	NA	NA	NA
422	Ca_004	Sham	Carprofen	0	18.9	97.9274611398964	0	0.075	0.30625	0.2125	81.9554277498203	100	NA	NA	NA	NA
423	Ca_004	Sham	Carprofen	1	18.9	97.9274611398964	0	0.1125	NA	NA	89.1774891774892	96.3924963924964	NA	NA	NA	NA
424	Ca_004	Sham	Carprofen	2	19.3	100	0	0.0875	NA	NA	82.089552238806	96.3041933191187	NA	NA	NA	NA
425	Ca_004	Sham	Carprofen	3	19.2	99.4818652849741	0	NA	NA	NA	NA	NA	NA	NA	NA	NA
426	Ca_004	Sham	Carprofen	4	18.9	97.9274611398964	0	0.128125	NA	NA	82.6618705035971	87.6978417266187	NA	NA	NA	NA
427	Ca_004	Sham	Carprofen	5	19.5	101.036269430052	0	NA	NA	NA	NA	NA	NA	NA	NA	NA
428	Ca_004	Sham	Carprofen	6	19.2	99.4818652849741	0	0.1375	NA	NA	NA	NA	NA	NA	NA	NA
429	Ca_004	Sham	Carprofen	7	19.2	99.4818652849741	0	NA	NA	NA	72.4039829302987	97.5106685633001	NA	NA	NA	NA
430	Ca_004	Sham	Carprofen	8	19.7	102.072538860104	0	NA	NA	NA	NA	NA	NA	NA	NA	NA
431	Ca_004	Sham	Carprofen	9	19.9	103.108808290155	0	NA	NA	NA	NA	NA	NA	NA	NA	NA
432	Ca_004	Sham	Carprofen	10	20.3	105.181347150259	0	NA	NA	NA	NA	NA	NA	NA	NA	NA
433	Ca_004	Sham	Carprofen	11	20.1	104.145077720207	0	NA	NA	NA	NA	NA	NA	NA	NA	NA
434	Ca_004	Sham	Carprofen	12	20.3	105.181347150259	0	NA	NA	NA	NA	NA	NA	NA	NA	NA
435	Ca_004	Sham	Carprofen	13	20.5	106.217616580311	0	NA	NA	NA	NA	NA	NA	NA	NA	NA
436	Ca_004	Sham	Carprofen	14	20.9	108.290155440414	0	NA	NA	NA	NA	NA	NA	NA	NA	NA
437	Ca_004	Sham	Carprofen	15	20.5	106.217616580311	0	NA	NA	NA	NA	NA	NA	NA	NA	NA
438	Ca_004	Sham	Carprofen	16	20.8	107.772020725389	0	NA	NA	NA	NA	NA	NA	NA	NA	NA
439	Ca_004	Sham	Carprofen	17	21.2	109.844559585492	0	NA	NA	NA	NA	NA	NA	NA	NA	NA
440	Ca_004	Sham	Carprofen	18	21	108.80829015544	0	NA	NA	NA	NA	NA	NA	NA	NA	NA
441	Ca_004	Sham	Carprofen	19	20.7	107.253886010363	0	NA	NA	NA	NA	NA	NA	NA	NA	NA
442	Ca_004	Sham	Carprofen	20	21	108.80829015544	0	NA	NA	NA	NA	NA	NA	NA	NA	NA
443	Ca_004	Sham	Carprofen	21	21.2	109.844559585492	0	NA	NA	NA	NA	NA	NA	NA	NA	NA
444	Ca_004	Sham	Carprofen	22	21.4	110.880829015544	0	NA	NA	NA	NA	NA	NA	NA	NA	NA
445	Ca_004	Sham	Carprofen	23	20.9	108.290155440414	0	NA	NA	NA	NA	NA	NA	NA	NA	NA
446	Ca_004	Sham	Carprofen	24	21.6	111.917098445596	0	NA	NA	NA	NA	NA	NA	NA	NA	NA
447	Ca_004	Sham	Carprofen	25	21.4	110.880829015544	0	NA	NA	NA	NA	NA	NA	NA	NA	NA
448	Ca_004	Sham	Carprofen	26	22.1	114.507772020725	0	NA	NA	NA	NA	NA	NA	NA	NA	NA
449	Ca_004	Sham	Carprofen	27	21.6	111.917098445596	0	NA	NA	NA	NA	NA	NA	NA	NA	NA
450	Ca_004	Sham	Carprofen	28	21.1	109.33	0	NA	NA	NA	NA	NA	NA	NA	NA	NA
451	Ca_007	Sham	Carprofen	-1	17.2	100	0	0.096875	NA	NA	42.392254567707	91.4665771894911	NA	NA	NA	NA
452	Ca_007	Sham	Carprofen	0	16.8	97.6744186046512	0	0.328125	0.234375	0.185119047619048	75.2525252525253	84.9206349206349	NA	NA	NA	NA
453	Ca_007	Sham	Carprofen	1	16.8	97.6744186046512	0	0.269642857142857	NA	NA	89.2627057981389	97.780959198282	NA	NA	NA	NA
454	Ca_007	Sham	Carprofen	2	16.9	98.2558139534884	0	0.14375	NA	NA	76.1151079136691	99.0647482014388	NA	NA	NA	NA
455	Ca_007	Sham	Carprofen	3	16.9	98.2558139534884	0	NA	NA	NA	NA	NA	NA	NA	NA	NA
456	Ca_007	Sham	Carprofen	4	16.9	98.2558139534884	0	0.16875	NA	NA	86.4768683274021	95.4448398576512	NA	NA	NA	NA
457	Ca_007	Sham	Carprofen	5	17.5	101.744186046512	0	NA	NA	NA	NA	NA	NA	NA	NA	NA
458	Ca_007	Sham	Carprofen	6	16.9	98.2558139534884	0	0.128125	NA	NA	NA	NA	NA	NA	NA	NA
459	Ca_007	Sham	Carprofen	7	17.6	102.325581395349	0	NA	NA	NA	79.5	82.4285714285714	NA	NA	NA	NA
460	Ca_007	Sham	Carprofen	8	17.3	100.581395348837	0	NA	NA	NA	NA	NA	NA	NA	NA	NA
461	Ca_007	Sham	Carprofen	9	17.9	104.06976744186	0	NA	NA	NA	NA	NA	NA	NA	NA	NA
462	Ca_007	Sham	Carprofen	10	17.8	103.488372093023	0	NA	NA	NA	NA	NA	NA	NA	NA	NA
463	Ca_007	Sham	Carprofen	11	17.3	100.581395348837	0	NA	NA	NA	NA	NA	NA	NA	NA	NA
464	Ca_007	Sham	Carprofen	12	17.5	101.744186046512	0	NA	NA	NA	NA	NA	NA	NA	NA	NA
465	Ca_007	Sham	Carprofen	13	17.8	103.488372093023	0	NA	NA	NA	NA	NA	NA	NA	NA	NA
466	Ca_007	Sham	Carprofen	14	18.2	105.813953488372	0	NA	NA	NA	NA	NA	NA	NA	NA	NA
467	Ca_007	Sham	Carprofen	15	18.2	105.813953488372	0	NA	NA	NA	NA	NA	NA	NA	NA	NA
468	Ca_007	Sham	Carprofen	16	18.1	105.232558139535	0	NA	NA	NA	NA	NA	NA	NA	NA	NA
469	Ca_007	Sham	Carprofen	17	18	104.651162790698	0	NA	NA	NA	NA	NA	NA	NA	NA	NA
470	Ca_007	Sham	Carprofen	18	18.1	105.232558139535	0	NA	NA	NA	NA	NA	NA	NA	NA	NA
471	Ca_007	Sham	Carprofen	19	18.7	108.720930232558	0	NA	NA	NA	NA	NA	NA	NA	NA	NA
472	Ca_007	Sham	Carprofen	20	18.2	105.813953488372	0	NA	NA	NA	NA	NA	NA	NA	NA	NA
473	Ca_007	Sham	Carprofen	21	18.6	108.139534883721	0	NA	NA	NA	NA	NA	NA	NA	NA	NA
474	Ca_007	Sham	Carprofen	22	18.6	108.139534883721	0	NA	NA	NA	NA	NA	NA	NA	NA	NA
475	Ca_007	Sham	Carprofen	23	19.1	111.046511627907	0	NA	NA	NA	NA	NA	NA	NA	NA	NA
476	Ca_007	Sham	Carprofen	24	19.1	111.046511627907	0	NA	NA	NA	NA	NA	NA	NA	NA	NA
477	Ca_007	Sham	Carprofen	25	18.8	109.302325581395	0	NA	NA	NA	NA	NA	NA	NA	NA	NA
478	Ca_007	Sham	Carprofen	26	18.8	109.302325581395	0	NA	NA	NA	NA	NA	NA	NA	NA	NA
479	Ca_007	Sham	Carprofen	27	18.9	109.883720930233	0	NA	NA	NA	NA	NA	NA	NA	NA	NA
480	Ca_007	Sham	Carprofen	28	19.2	111.63	0	NA	NA	NA	NA	NA	NA	NA	NA	NA
481	Ca_010	Sham	Carprofen	-1	19.1	100	0	0.096875	NA	NA	90.518269392014	98.8522238163558	NA	NA	NA	NA
482	Ca_010	Sham	Carprofen	0	18.9	98.9528795811518	0	0	0.33125	0.1	95.0106913756237	100	NA	NA	NA	NA
483	Ca_010	Sham	Carprofen	1	19	99.4764397905759	0	0.175	NA	NA	76.9285208775655	100	NA	NA	NA	NA
484	Ca_010	Sham	Carprofen	2	19.1	100	0	0.0125	NA	NA	81.5209665955934	92.1108742004264	NA	NA	NA	NA
485	Ca_010	Sham	Carprofen	3	19.1	100	0	NA	NA	NA	NA	NA	NA	NA	NA	NA
486	Ca_010	Sham	Carprofen	4	19.1	100	0	0.103125	NA	NA	84.3772498200144	100	NA	NA	NA	NA
487	Ca_010	Sham	Carprofen	5	19.1	100	0	NA	NA	NA	NA	NA	NA	NA	NA	NA
488	Ca_010	Sham	Carprofen	6	19.4	101.570680628272	0	0.175	NA	NA	NA	NA	NA	NA	NA	NA
489	Ca_010	Sham	Carprofen	7	18.8	98.4293193717277	0	NA	NA	NA	93.3428775948461	100	NA	NA	NA	NA
490	Ca_010	Sham	Carprofen	8	19.4	101.570680628272	0	NA	NA	NA	NA	NA	NA	NA	NA	NA
491	Ca_010	Sham	Carprofen	9	19.6	102.61780104712	0	NA	NA	NA	NA	NA	NA	NA	NA	NA
492	Ca_010	Sham	Carprofen	10	19.6	102.61780104712	0	NA	NA	NA	NA	NA	NA	NA	NA	NA
493	Ca_010	Sham	Carprofen	11	19.5	102.094240837696	0	NA	NA	NA	NA	NA	NA	NA	NA	NA
494	Ca_010	Sham	Carprofen	12	19.9	104.188481675393	0	NA	NA	NA	NA	NA	NA	NA	NA	NA
495	Ca_010	Sham	Carprofen	13	20.1	105.235602094241	0	NA	NA	NA	NA	NA	NA	NA	NA	NA
496	Ca_010	Sham	Carprofen	14	20.4	106.806282722513	0	NA	NA	NA	NA	NA	NA	NA	NA	NA
497	Ca_010	Sham	Carprofen	15	19.9	104.188481675393	0	NA	NA	NA	NA	NA	NA	NA	NA	NA
498	Ca_010	Sham	Carprofen	16	20.6	107.853403141361	0	NA	NA	NA	NA	NA	NA	NA	NA	NA
499	Ca_010	Sham	Carprofen	17	20.2	105.759162303665	0	NA	NA	NA	NA	NA	NA	NA	NA	NA
500	Ca_010	Sham	Carprofen	18	20.9	109.424083769633	0	NA	NA	NA	NA	NA	NA	NA	NA	NA
501	Ca_010	Sham	Carprofen	19	20.7	108.376963350785	0	NA	NA	NA	NA	NA	NA	NA	NA	NA
502	Ca_010	Sham	Carprofen	20	20.7	108.376963350785	0	NA	NA	NA	NA	NA	NA	NA	NA	NA
503	Ca_010	Sham	Carprofen	21	20.4	106.806282722513	0	NA	NA	NA	NA	NA	NA	NA	NA	NA
504	Ca_010	Sham	Carprofen	22	21.3	111.51832460733	0	NA	NA	NA	NA	NA	NA	NA	NA	NA
505	Ca_010	Sham	Carprofen	23	21.5	112.565445026178	0	NA	NA	NA	NA	NA	NA	NA	NA	NA
506	Ca_010	Sham	Carprofen	24	21.2	110.994764397906	0	NA	NA	NA	NA	NA	NA	NA	NA	NA
507	Ca_010	Sham	Carprofen	25	21	109.947643979058	0	NA	NA	NA	NA	NA	NA	NA	NA	NA
508	Ca_010	Sham	Carprofen	26	21.3	111.51832460733	0	NA	NA	NA	NA	NA	NA	NA	NA	NA
509	Ca_010	Sham	Carprofen	27	21.3	111.51832460733	0	NA	NA	NA	NA	NA	NA	NA	NA	NA
510	Ca_010	Sham	Carprofen	28	20.8	108.9	0	NA	NA	NA	NA	NA	NA	NA	NA	NA
511	Ca_012	Sham	Carprofen	-1	18.8	100	0	0.0375	NA	NA	57.1713519707771	92.5566798737933	NA	NA	NA	NA
512	Ca_012	Sham	Carprofen	0	16.8	89.3617021276596	2	0.0875	0.759375	0.328125	21.1948790896159	46.5149359886202	NA	NA	NA	NA
513	Ca_012	Sham	Carprofen	1	17.6	93.6170212765958	2	0.05	NA	NA	74.8196248196248	87.8787878787879	NA	NA	NA	NA
514	Ca_012	Sham	Carprofen	2	18	95.7446808510638	1	0.128125	NA	NA	79.800853485064	94.5234708392603	NA	NA	NA	NA
515	Ca_012	Sham	Carprofen	3	18.7	99.468085106383	0	NA	NA	NA	NA	NA	NA	NA	NA	NA
516	Ca_012	Sham	Carprofen	4	18.8	100	0	0.025	NA	NA	78.9662598707825	90.4522613065327	NA	NA	NA	NA
517	Ca_012	Sham	Carprofen	5	18.6	98.936170212766	0	NA	NA	NA	NA	NA	NA	NA	NA	NA
518	Ca_012	Sham	Carprofen	6	19.2	102.127659574468	0	0.0875	NA	NA	NA	NA	NA	NA	NA	NA
519	Ca_012	Sham	Carprofen	7	19	101.063829787234	0	NA	NA	NA	87.5625446747677	97.2837741243746	NA	NA	NA	NA
520	Ca_012	Sham	Carprofen	8	18.8	100	0	NA	NA	NA	NA	NA	NA	NA	NA	NA
521	Ca_012	Sham	Carprofen	9	19	101.063829787234	0	NA	NA	NA	NA	NA	NA	NA	NA	NA
522	Ca_012	Sham	Carprofen	10	19.4	103.191489361702	0	NA	NA	NA	NA	NA	NA	NA	NA	NA
523	Ca_012	Sham	Carprofen	11	19.7	104.787234042553	0	NA	NA	NA	NA	NA	NA	NA	NA	NA
524	Ca_012	Sham	Carprofen	12	19.2	102.127659574468	0	NA	NA	NA	NA	NA	NA	NA	NA	NA
525	Ca_012	Sham	Carprofen	13	19.7	104.787234042553	0	NA	NA	NA	NA	NA	NA	NA	NA	NA
526	Ca_012	Sham	Carprofen	14	19.7	104.787234042553	0	NA	NA	NA	NA	NA	NA	NA	NA	NA
527	Ca_012	Sham	Carprofen	15	20.1	106.914893617021	0	NA	NA	NA	NA	NA	NA	NA	NA	NA
528	Ca_012	Sham	Carprofen	16	20	106.382978723404	0	NA	NA	NA	NA	NA	NA	NA	NA	NA
529	Ca_012	Sham	Carprofen	17	20	106.382978723404	0	NA	NA	NA	NA	NA	NA	NA	NA	NA
530	Ca_012	Sham	Carprofen	18	20.1	106.914893617021	0	NA	NA	NA	NA	NA	NA	NA	NA	NA
531	Ca_012	Sham	Carprofen	19	20.4	108.510638297872	0	NA	NA	NA	NA	NA	NA	NA	NA	NA
532	Ca_012	Sham	Carprofen	20	20.5	109.042553191489	0	NA	NA	NA	NA	NA	NA	NA	NA	NA
533	Ca_012	Sham	Carprofen	21	20.2	107.446808510638	0	NA	NA	NA	NA	NA	NA	NA	NA	NA
534	Ca_012	Sham	Carprofen	22	20.2	107.446808510638	0	NA	NA	NA	NA	NA	NA	NA	NA	NA
535	Ca_012	Sham	Carprofen	23	19.5	103.723404255319	0	NA	NA	NA	NA	NA	NA	NA	NA	NA
536	Ca_012	Sham	Carprofen	24	20.6	109.574468085106	0	NA	NA	NA	NA	NA	NA	NA	NA	NA
537	Ca_012	Sham	Carprofen	25	20.5	109.042553191489	0	NA	NA	NA	NA	NA	NA	NA	NA	NA
538	Ca_012	Sham	Carprofen	26	20.6	109.574468085106	0	NA	NA	NA	NA	NA	NA	NA	NA	NA
539	Ca_012	Sham	Carprofen	27	20.4	108.510638297872	0	NA	NA	NA	NA	NA	NA	NA	NA	NA
540	Ca_012	Sham	Carprofen	28	20.7	110.1	0	NA	NA	NA	NA	NA	NA	NA	NA	NA
541	Ca_014	Sham	Carprofen	-1	18.2	100	0	0.09375	NA	NA	60.2162124157832	93.8709756306323	NA	NA	NA	NA
542	Ca_014	Sham	Carprofen	0	18.2	100	0	0.05	0.384375	0.325	49.102656137832	80.8327351040919	NA	NA	NA	NA
543	Ca_014	Sham	Carprofen	1	18.2	100	0	0.1125	NA	NA	74.1477272727273	89.7727272727273	NA	NA	NA	NA
544	Ca_014	Sham	Carprofen	2	18.5	101.648351648352	0	0.028125	NA	NA	60.0142551674982	98.5744832501782	NA	NA	NA	NA
545	Ca_014	Sham	Carprofen	3	18.3	100.549450549451	0	NA	NA	NA	NA	NA	NA	NA	NA	NA
546	Ca_014	Sham	Carprofen	4	18.5	101.648351648352	0	0.025	NA	NA	86.0070671378092	94.6996466431095	NA	NA	NA	NA
547	Ca_014	Sham	Carprofen	5	18.1	99.4505494505495	0	NA	NA	NA	NA	NA	NA	NA	NA	NA
548	Ca_014	Sham	Carprofen	6	18.4	101.098901098901	0	0.05	NA	NA	NA	NA	NA	NA	NA	NA
549	Ca_014	Sham	Carprofen	7	18.4	101.098901098901	0	NA	NA	NA	100	100	NA	NA	NA	NA
550	Ca_014	Sham	Carprofen	8	18.3	100.549450549451	0	NA	NA	NA	NA	NA	NA	NA	NA	NA
551	Ca_014	Sham	Carprofen	9	18.3	100.549450549451	0	NA	NA	NA	NA	NA	NA	NA	NA	NA
552	Ca_014	Sham	Carprofen	10	18.6	102.197802197802	0	NA	NA	NA	NA	NA	NA	NA	NA	NA
553	Ca_014	Sham	Carprofen	11	18.9	103.846153846154	0	NA	NA	NA	NA	NA	NA	NA	NA	NA
554	Ca_014	Sham	Carprofen	12	19.2	105.494505494505	0	NA	NA	NA	NA	NA	NA	NA	NA	NA
555	Ca_014	Sham	Carprofen	13	19.3	106.043956043956	0	NA	NA	NA	NA	NA	NA	NA	NA	NA
556	Ca_014	Sham	Carprofen	14	19.8	108.791208791209	0	NA	NA	NA	NA	NA	NA	NA	NA	NA
557	Ca_014	Sham	Carprofen	15	20.1	110.43956043956	0	NA	NA	NA	NA	NA	NA	NA	NA	NA
558	Ca_014	Sham	Carprofen	16	20	109.89010989011	0	NA	NA	NA	NA	NA	NA	NA	NA	NA
559	Ca_014	Sham	Carprofen	17	20.3	111.538461538462	0	NA	NA	NA	NA	NA	NA	NA	NA	NA
560	Ca_014	Sham	Carprofen	18	19.7	108.241758241758	0	NA	NA	NA	NA	NA	NA	NA	NA	NA
561	Ca_014	Sham	Carprofen	19	19.6	107.692307692308	0	NA	NA	NA	NA	NA	NA	NA	NA	NA
562	Ca_014	Sham	Carprofen	20	19.9	109.340659340659	0	NA	NA	NA	NA	NA	NA	NA	NA	NA
563	Ca_014	Sham	Carprofen	21	20	109.89010989011	0	NA	NA	NA	NA	NA	NA	NA	NA	NA
564	Ca_014	Sham	Carprofen	22	19.5	107.142857142857	0	NA	NA	NA	NA	NA	NA	NA	NA	NA
565	Ca_014	Sham	Carprofen	23	19.2	105.494505494505	0	NA	NA	NA	NA	NA	NA	NA	NA	NA
566	Ca_014	Sham	Carprofen	24	20.1	110.43956043956	0	NA	NA	NA	NA	NA	NA	NA	NA	NA
567	Ca_014	Sham	Carprofen	25	18.5	101.648351648352	0	NA	NA	NA	NA	NA	NA	NA	NA	NA
568	Ca_014	Sham	Carprofen	26	20.4	112.087912087912	0	NA	NA	NA	NA	NA	NA	NA	NA	NA
569	Ca_014	Sham	Carprofen	27	20.4	112.087912087912	0	NA	NA	NA	NA	NA	NA	NA	NA	NA
570	Ca_014	Sham	Carprofen	28	20.3	111.54	0	NA	NA	NA	NA	NA	NA	NA	NA	NA
571	Ca_016	Sham	Carprofen	-1	18.9	100	0	0.03125	NA	NA	20.236974262398	100	NA	NA	NA	NA
572	Ca_016	Sham	Carprofen	0	19	100.529100529101	0	0.0875	0.421875	0.125	85.3640951694304	91.492429704398	NA	NA	NA	NA
573	Ca_016	Sham	Carprofen	1	18.6	98.4126984126984	0	0.0625	NA	NA	96.6308243727599	100	NA	NA	NA	NA
574	Ca_016	Sham	Carprofen	2	19	100.529100529101	0	0.0375	NA	NA	76.2989323843416	100	NA	NA	NA	NA
575	Ca_016	Sham	Carprofen	3	18.9	100	0	NA	NA	NA	NA	NA	NA	NA	NA	NA
576	Ca_016	Sham	Carprofen	4	19.5	103.174603174603	0	0.090625	NA	NA	81.9285714285714	100	NA	NA	NA	NA
577	Ca_016	Sham	Carprofen	5	19.1	101.058201058201	0	NA	NA	NA	NA	NA	NA	NA	NA	NA
578	Ca_016	Sham	Carprofen	6	19	100.529100529101	0	0.053125	NA	NA	NA	NA	NA	NA	NA	NA
579	Ca_016	Sham	Carprofen	7	18.9	100	0	NA	NA	NA	79.9572039942939	98.074179743224	NA	NA	NA	NA
580	Ca_016	Sham	Carprofen	8	18.8	99.4708994708995	0	NA	NA	NA	NA	NA	NA	NA	NA	NA
581	Ca_016	Sham	Carprofen	9	19.6	103.703703703704	0	NA	NA	NA	NA	NA	NA	NA	NA	NA
582	Ca_016	Sham	Carprofen	10	19.9	105.291005291005	0	NA	NA	NA	NA	NA	NA	NA	NA	NA
583	Ca_016	Sham	Carprofen	11	19.3	102.116402116402	0	NA	NA	NA	NA	NA	NA	NA	NA	NA
584	Ca_016	Sham	Carprofen	12	19.2	101.587301587302	0	NA	NA	NA	NA	NA	NA	NA	NA	NA
585	Ca_016	Sham	Carprofen	13	19.6	103.703703703704	0	NA	NA	NA	NA	NA	NA	NA	NA	NA
586	Ca_016	Sham	Carprofen	14	19.8	104.761904761905	0	NA	NA	NA	NA	NA	NA	NA	NA	NA
587	Ca_016	Sham	Carprofen	15	20.1	106.349206349206	0	NA	NA	NA	NA	NA	NA	NA	NA	NA
588	Ca_016	Sham	Carprofen	16	19.7	104.232804232804	0	NA	NA	NA	NA	NA	NA	NA	NA	NA
589	Ca_016	Sham	Carprofen	17	19.4	102.645502645503	0	NA	NA	NA	NA	NA	NA	NA	NA	NA
590	Ca_016	Sham	Carprofen	18	20.2	106.878306878307	0	NA	NA	NA	NA	NA	NA	NA	NA	NA
591	Ca_016	Sham	Carprofen	19	20.4	107.936507936508	0	NA	NA	NA	NA	NA	NA	NA	NA	NA
592	Ca_016	Sham	Carprofen	20	20.5	108.465608465608	0	NA	NA	NA	NA	NA	NA	NA	NA	NA
593	Ca_016	Sham	Carprofen	21	20.5	108.465608465608	0	NA	NA	NA	NA	NA	NA	NA	NA	NA
594	Ca_016	Sham	Carprofen	22	NA	NA	NA	NA	NA	NA	NA	NA	NA	NA	NA	NA
595	Ca_016	Sham	Carprofen	23	NA	NA	NA	NA	NA	NA	NA	NA	NA	NA	NA	NA
596	Ca_016	Sham	Carprofen	24	NA	NA	NA	NA	NA	NA	NA	NA	NA	NA	NA	NA
597	Ca_016	Sham	Carprofen	25	NA	NA	NA	NA	NA	NA	NA	NA	NA	NA	NA	NA
598	Ca_016	Sham	Carprofen	26	NA	NA	NA	NA	NA	NA	NA	NA	NA	NA	NA	NA
599	Ca_016	Sham	Carprofen	27	NA	NA	NA	NA	NA	NA	NA	NA	NA	NA	NA	NA
600	Ca_016	Sham	Carprofen	28	NA	NA	NA	NA	NA	NA	NA	NA	NA	NA	NA	NA
601	TDSS_031	Sham	Metamizol	-1	19.3	100	0	0.3140625	NA	NA	78.1223121837172	91.0815175782232	NA	NA	NA	NA
602	TDSS_031	Sham	Metamizol	0	18.1	93.8	2	0.503125	0.9625	1.1125	42.7240143369176	81.505376344086	NA	NA	NA	NA
603	TDSS_031	Sham	Metamizol	1	18.6	96.4	1	0.484375	NA	NA	76.7358625626342	93.915533285612	NA	NA	NA	NA
604	TDSS_031	Sham	Metamizol	2	18.8	97.4	0	0.103125	NA	NA	80.1140413399857	89.5937277263008	NA	NA	NA	NA
605	TDSS_031	Sham	Metamizol	3	19.1	99	0	NA	NA	NA	NA	NA	NA	NA	NA	NA
606	TDSS_031	Sham	Metamizol	4	19.5	101	0	0.259375	NA	NA	85.9498207885305	91.326164874552	NA	NA	NA	NA
607	TDSS_031	Sham	Metamizol	5	17.7	91.7	2	NA	NA	NA	NA	NA	NA	NA	NA	NA
608	TDSS_031	Sham	Metamizol	6	19.5	101	0	0.1	NA	NA	NA	NA	NA	NA	NA	NA
609	TDSS_031	Sham	Metamizol	7	19.3	100	0	NA	NA	NA	61.699064074874	92.6565874730022	NA	NA	NA	NA
610	TDSS_031	Sham	Metamizol	8	19.7	102.1	0	NA	NA	NA	NA	NA	NA	NA	NA	NA
611	TDSS_031	Sham	Metamizol	9	19.8	102.6	0	NA	NA	NA	NA	NA	NA	NA	NA	NA
612	TDSS_031	Sham	Metamizol	10	19.5	101	0	NA	NA	NA	NA	NA	NA	NA	NA	NA
613	TDSS_031	Sham	Metamizol	11	19.5	101	0	NA	NA	NA	NA	NA	NA	NA	NA	NA
614	TDSS_031	Sham	Metamizol	12	19.7	102.1	0	NA	NA	NA	NA	NA	NA	NA	NA	NA
615	TDSS_031	Sham	Metamizol	13	20.5	106.2	0	NA	NA	NA	NA	NA	NA	NA	NA	NA
616	TDSS_031	Sham	Metamizol	14	20.3	105.2	0	NA	NA	NA	NA	NA	NA	NA	NA	NA
617	TDSS_031	Sham	Metamizol	15	20.4	105.7	0	NA	NA	NA	NA	NA	NA	NA	NA	NA
618	TDSS_031	Sham	Metamizol	16	20.4	105.7	0	NA	NA	NA	NA	NA	NA	NA	NA	NA
619	TDSS_031	Sham	Metamizol	17	20.9	108.3	0	NA	NA	NA	NA	NA	NA	NA	NA	NA
620	TDSS_031	Sham	Metamizol	18	20.7	107.3	0	NA	NA	NA	NA	NA	NA	NA	NA	NA
621	TDSS_031	Sham	Metamizol	19	20.7	107.3	0	NA	NA	NA	NA	NA	NA	NA	NA	NA
622	TDSS_031	Sham	Metamizol	20	20.9	108.3	0	NA	NA	NA	NA	NA	NA	NA	NA	NA
623	TDSS_031	Sham	Metamizol	21	20.9	108.3	0	NA	NA	NA	NA	NA	NA	NA	NA	NA
624	TDSS_031	Sham	Metamizol	22	21	108.8	0	NA	NA	NA	NA	NA	NA	NA	NA	NA
625	TDSS_031	Sham	Metamizol	23	21	108.8	0	NA	NA	NA	NA	NA	NA	NA	NA	NA
626	TDSS_031	Sham	Metamizol	24	21	108.8	0	NA	NA	NA	NA	NA	NA	NA	NA	NA
627	TDSS_031	Sham	Metamizol	25	21.1	109.3	0	NA	NA	NA	NA	NA	NA	NA	NA	NA
628	TDSS_031	Sham	Metamizol	26	21.5	111.4	0	NA	NA	NA	NA	NA	NA	NA	NA	NA
629	TDSS_031	Sham	Metamizol	27	21.6	111.9	0	NA	NA	NA	NA	NA	NA	NA	NA	NA
630	TDSS_031	Sham	Metamizol	28	21.9	113.47	0	NA	NA	NA	NA	NA	NA	NA	NA	NA
631	TDSS_032	Sham	Metamizol	-1	18.2	100	0	0.1378125	NA	NA	31.5450643776824	87.4105865522175	NA	NA	NA	NA
632	TDSS_032	Sham	Metamizol	0	16.9	92.9	2	0.084375	1.21875	0.7375	27.9432624113475	70.5673758865248	NA	NA	NA	NA
633	TDSS_032	Sham	Metamizol	1	17.3	95.1	1	0	NA	NA	37.5630857966835	84.7873107426099	NA	NA	NA	NA
634	TDSS_032	Sham	Metamizol	2	17.7	97.3	0	0.053125	NA	NA	51.9826964671954	87.7433309300649	NA	NA	NA	NA
635	TDSS_032	Sham	Metamizol	3	17.7	97.3	0	NA	NA	NA	NA	NA	NA	NA	NA	NA
636	TDSS_032	Sham	Metamizol	4	17.7	97.3	0	0.184375	NA	NA	48.2437275985663	84.0860215053764	NA	NA	NA	NA
637	TDSS_032	Sham	Metamizol	5	16.4	90.1	2	NA	NA	NA	NA	NA	NA	NA	NA	NA
638	TDSS_032	Sham	Metamizol	6	18.3	100.5	0	0.025	NA	NA	NA	NA	NA	NA	NA	NA
639	TDSS_032	Sham	Metamizol	7	18.4	101.1	0	NA	NA	NA	68.9752650176679	98.1625441696113	NA	NA	NA	NA
640	TDSS_032	Sham	Metamizol	8	18.8	103.3	0	NA	NA	NA	NA	NA	NA	NA	NA	NA
641	TDSS_032	Sham	Metamizol	9	18.6	102.2	0	NA	NA	NA	NA	NA	NA	NA	NA	NA
642	TDSS_032	Sham	Metamizol	10	18.6	102.2	0	NA	NA	NA	NA	NA	NA	NA	NA	NA
643	TDSS_032	Sham	Metamizol	11	18.5	101.6	0	NA	NA	NA	NA	NA	NA	NA	NA	NA
644	TDSS_032	Sham	Metamizol	12	18.8	103.3	0	NA	NA	NA	NA	NA	NA	NA	NA	NA
645	TDSS_032	Sham	Metamizol	13	19.7	108.2	0	NA	NA	NA	NA	NA	NA	NA	NA	NA
646	TDSS_032	Sham	Metamizol	14	19.4	106.6	0	NA	NA	NA	NA	NA	NA	NA	NA	NA
647	TDSS_032	Sham	Metamizol	15	19.5	107.1	0	NA	NA	NA	NA	NA	NA	NA	NA	NA
648	TDSS_032	Sham	Metamizol	16	19.3	106	0	NA	NA	NA	NA	NA	NA	NA	NA	NA
649	TDSS_032	Sham	Metamizol	17	19.5	107.1	0	NA	NA	NA	NA	NA	NA	NA	NA	NA
650	TDSS_032	Sham	Metamizol	18	19.5	107.1	0	NA	NA	NA	NA	NA	NA	NA	NA	NA
651	TDSS_032	Sham	Metamizol	19	19.5	107.1	0	NA	NA	NA	NA	NA	NA	NA	NA	NA
652	TDSS_032	Sham	Metamizol	20	19.9	109.3	0	NA	NA	NA	NA	NA	NA	NA	NA	NA
653	TDSS_032	Sham	Metamizol	21	19.6	107.7	0	NA	NA	NA	NA	NA	NA	NA	NA	NA
654	TDSS_032	Sham	Metamizol	22	19.8	108.8	0	NA	NA	NA	NA	NA	NA	NA	NA	NA
655	TDSS_032	Sham	Metamizol	23	20.3	111.5	0	NA	NA	NA	NA	NA	NA	NA	NA	NA
656	TDSS_032	Sham	Metamizol	24	19.8	108.8	0	NA	NA	NA	NA	NA	NA	NA	NA	NA
657	TDSS_032	Sham	Metamizol	25	20	109.9	0	NA	NA	NA	NA	NA	NA	NA	NA	NA
658	TDSS_032	Sham	Metamizol	26	20.1	110.4	0	NA	NA	NA	NA	NA	NA	NA	NA	NA
659	TDSS_032	Sham	Metamizol	27	19.7	108.2	0	NA	NA	NA	NA	NA	NA	NA	NA	NA
660	TDSS_032	Sham	Metamizol	28	19.9	109.3	0	NA	NA	NA	NA	NA	NA	NA	NA	NA
661	TDSS_033	Sham	Metamizol	-1	19.9	100	0	0.190625	NA	NA	68.0674829447103	91.9020975460747	NA	NA	NA	NA
662	TDSS_033	Sham	Metamizol	0	19	95.5	1	0.1125	1.1375	0.809375	34.7670250896057	78.9247311827957	NA	NA	NA	NA
663	TDSS_033	Sham	Metamizol	1	19.5	98	0	0.1125	NA	NA	79.5977011494253	100	NA	NA	NA	NA
664	TDSS_033	Sham	Metamizol	2	19.8	99.5	0	0.075	NA	NA	83.8549075391181	98.0796586059744	NA	NA	NA	NA
665	TDSS_033	Sham	Metamizol	3	20.1	101	0	NA	NA	NA	NA	NA	NA	NA	NA	NA
666	TDSS_033	Sham	Metamizol	4	20.5	103	0	0.075	NA	NA	82.1454283657307	93.5925125989921	NA	NA	NA	NA
667	TDSS_033	Sham	Metamizol	5	20.2	101.5	0	NA	NA	NA	NA	NA	NA	NA	NA	NA
668	TDSS_033	Sham	Metamizol	6	20.4	102.5	0	0.05	NA	NA	NA	NA	NA	NA	NA	NA
669	TDSS_033	Sham	Metamizol	7	20.3	102	0	NA	NA	NA	77.9588944011339	98.2990786676116	NA	NA	NA	NA
670	TDSS_033	Sham	Metamizol	8	21.2	106.5	0	NA	NA	NA	NA	NA	NA	NA	NA	NA
671	TDSS_033	Sham	Metamizol	9	21.3	107	0	NA	NA	NA	NA	NA	NA	NA	NA	NA
672	TDSS_033	Sham	Metamizol	10	20.7	104	0	NA	NA	NA	NA	NA	NA	NA	NA	NA
673	TDSS_033	Sham	Metamizol	11	21	105.5	0	NA	NA	NA	NA	NA	NA	NA	NA	NA
674	TDSS_033	Sham	Metamizol	12	21.6	108.5	0	NA	NA	NA	NA	NA	NA	NA	NA	NA
675	TDSS_033	Sham	Metamizol	13	21.8	109.5	0	NA	NA	NA	NA	NA	NA	NA	NA	NA
676	TDSS_033	Sham	Metamizol	14	21.5	108	0	NA	NA	NA	NA	NA	NA	NA	NA	NA
677	TDSS_033	Sham	Metamizol	15	21.5	108	0	NA	NA	NA	NA	NA	NA	NA	NA	NA
678	TDSS_033	Sham	Metamizol	16	21.3	107	0	NA	NA	NA	NA	NA	NA	NA	NA	NA
679	TDSS_033	Sham	Metamizol	17	21.7	109	0	NA	NA	NA	NA	NA	NA	NA	NA	NA
680	TDSS_033	Sham	Metamizol	18	22	110.6	0	NA	NA	NA	NA	NA	NA	NA	NA	NA
681	TDSS_033	Sham	Metamizol	19	22.1	111.1	0	NA	NA	NA	NA	NA	NA	NA	NA	NA
682	TDSS_033	Sham	Metamizol	20	21.7	109	0	NA	NA	NA	NA	NA	NA	NA	NA	NA
683	TDSS_033	Sham	Metamizol	21	22.4	112.6	0	NA	NA	NA	NA	NA	NA	NA	NA	NA
684	TDSS_033	Sham	Metamizol	22	22.1	111.1	0	NA	NA	NA	NA	NA	NA	NA	NA	NA
685	TDSS_033	Sham	Metamizol	23	22.2	111.6	0	NA	NA	NA	NA	NA	NA	NA	NA	NA
686	TDSS_033	Sham	Metamizol	24	21.7	109	0	NA	NA	NA	NA	NA	NA	NA	NA	NA
687	TDSS_033	Sham	Metamizol	25	21.9	110.1	0	NA	NA	NA	NA	NA	NA	NA	NA	NA
688	TDSS_033	Sham	Metamizol	26	22.2	111.6	0	NA	NA	NA	NA	NA	NA	NA	NA	NA
689	TDSS_033	Sham	Metamizol	27	22.2	111.6	0	NA	NA	NA	NA	NA	NA	NA	NA	NA
690	TDSS_033	Sham	Metamizol	28	22	110.6	0	NA	NA	NA	NA	NA	NA	NA	NA	NA
691	TDSS_034	Sham	Metamizol	-1	19.1	100	0	0.0667410714285714	NA	NA	64.708181145189	91.0617124199801	NA	NA	NA	NA
692	TDSS_034	Sham	Metamizol	0	18.4	96.3	1	0.1375	1	0.3125	30.5218012866333	66.9049320943531	NA	NA	NA	NA
693	TDSS_034	Sham	Metamizol	1	18.4	96.3	1	0.040625	NA	NA	79.6137339055794	100	NA	NA	NA	NA
694	TDSS_034	Sham	Metamizol	2	18.4	96.3	1	0.0625	NA	NA	73.3812949640288	98.2014388489209	NA	NA	NA	NA
695	TDSS_034	Sham	Metamizol	3	18.7	97.9	0	NA	NA	NA	NA	NA	NA	NA	NA	NA
696	TDSS_034	Sham	Metamizol	4	18.8	98.4	0	0.125	NA	NA	84.6153846153846	92.2364672364672	NA	NA	NA	NA
697	TDSS_034	Sham	Metamizol	5	18.8	98.4	0	NA	NA	NA	NA	NA	NA	NA	NA	NA
698	TDSS_034	Sham	Metamizol	6	19	99.5	0	0.134821428571429	NA	NA	NA	NA	NA	NA	NA	NA
699	TDSS_034	Sham	Metamizol	7	18.8	98.4	0	NA	NA	NA	68.9237348538845	89.4511760513186	NA	NA	NA	NA
700	TDSS_034	Sham	Metamizol	8	19	99.5	0	NA	NA	NA	NA	NA	NA	NA	NA	NA
701	TDSS_034	Sham	Metamizol	9	19.2	100.5	0	NA	NA	NA	NA	NA	NA	NA	NA	NA
702	TDSS_034	Sham	Metamizol	10	19.3	101	0	NA	NA	NA	NA	NA	NA	NA	NA	NA
703	TDSS_034	Sham	Metamizol	11	19.4	101.6	0	NA	NA	NA	NA	NA	NA	NA	NA	NA
704	TDSS_034	Sham	Metamizol	12	19.4	101.6	0	NA	NA	NA	NA	NA	NA	NA	NA	NA
705	TDSS_034	Sham	Metamizol	13	20.4	106.8	0	NA	NA	NA	NA	NA	NA	NA	NA	NA
706	TDSS_034	Sham	Metamizol	14	19.9	104.2	0	NA	NA	NA	NA	NA	NA	NA	NA	NA
707	TDSS_034	Sham	Metamizol	15	19.6	102.6	0	NA	NA	NA	NA	NA	NA	NA	NA	NA
708	TDSS_034	Sham	Metamizol	16	19.7	103.1	0	NA	NA	NA	NA	NA	NA	NA	NA	NA
709	TDSS_034	Sham	Metamizol	17	19.8	103.7	0	NA	NA	NA	NA	NA	NA	NA	NA	NA
710	TDSS_034	Sham	Metamizol	18	20.1	105.2	0	NA	NA	NA	NA	NA	NA	NA	NA	NA
711	TDSS_034	Sham	Metamizol	19	20.4	106.8	0	NA	NA	NA	NA	NA	NA	NA	NA	NA
712	TDSS_034	Sham	Metamizol	20	20	104.7	0	NA	NA	NA	NA	NA	NA	NA	NA	NA
713	TDSS_034	Sham	Metamizol	21	20	104.7	0	NA	NA	NA	NA	NA	NA	NA	NA	NA
714	TDSS_034	Sham	Metamizol	22	20.1	105.2	0	NA	NA	NA	NA	NA	NA	NA	NA	NA
715	TDSS_034	Sham	Metamizol	23	21.2	111	0	NA	NA	NA	NA	NA	NA	NA	NA	NA
716	TDSS_034	Sham	Metamizol	24	20.1	105.2	0	NA	NA	NA	NA	NA	NA	NA	NA	NA
717	TDSS_034	Sham	Metamizol	25	20.6	107.9	0	NA	NA	NA	NA	NA	NA	NA	NA	NA
718	TDSS_034	Sham	Metamizol	26	20.5	107.3	0	NA	NA	NA	NA	NA	NA	NA	NA	NA
719	TDSS_034	Sham	Metamizol	27	20.9	109.4	0	NA	NA	NA	NA	NA	NA	NA	NA	NA
720	TDSS_034	Sham	Metamizol	28	21	109.9	0	NA	NA	NA	NA	NA	NA	NA	NA	NA
721	TDSS_035	Sham	Metamizol	-1	20.5	100	0	0.1496875	NA	NA	89.338676948052	92.8338068181818	NA	NA	NA	NA
722	TDSS_035	Sham	Metamizol	0	19.5	95.1	1	0.1	0.990625	0.914732142857143	5.74712643678161	78.1609195402299	NA	NA	NA	NA
723	TDSS_035	Sham	Metamizol	1	19.3	94.1	1	0.2375	NA	NA	74.1797432239658	100	NA	NA	NA	NA
724	TDSS_035	Sham	Metamizol	2	19.7	96.1	1	0.16875	NA	NA	64.0057020669993	100	NA	NA	NA	NA
725	TDSS_035	Sham	Metamizol	3	20	97.6	0	NA	NA	NA	NA	NA	NA	NA	NA	NA
726	TDSS_035	Sham	Metamizol	4	20.4	99.5	0	0.175	NA	NA	88.2478632478633	98.2193732193732	NA	NA	NA	NA
727	TDSS_035	Sham	Metamizol	5	20.1	98	0	NA	NA	NA	NA	NA	NA	NA	NA	NA
728	TDSS_035	Sham	Metamizol	6	20.2	98.5	0	0.3	NA	NA	NA	NA	NA	NA	NA	NA
729	TDSS_035	Sham	Metamizol	7	19.8	96.6	0	NA	NA	NA	76.8126346015793	100	NA	NA	NA	NA
730	TDSS_035	Sham	Metamizol	8	20.4	99.5	0	NA	NA	NA	NA	NA	NA	NA	NA	NA
731	TDSS_035	Sham	Metamizol	9	20.7	101	0	NA	NA	NA	NA	NA	NA	NA	NA	NA
732	TDSS_035	Sham	Metamizol	10	20.7	101	0	NA	NA	NA	NA	NA	NA	NA	NA	NA
733	TDSS_035	Sham	Metamizol	11	20.7	101	0	NA	NA	NA	NA	NA	NA	NA	NA	NA
734	TDSS_035	Sham	Metamizol	12	20.9	102	0	NA	NA	NA	NA	NA	NA	NA	NA	NA
735	TDSS_035	Sham	Metamizol	13	21.3	103.9	0	NA	NA	NA	NA	NA	NA	NA	NA	NA
736	TDSS_035	Sham	Metamizol	14	21.2	103.4	0	NA	NA	NA	NA	NA	NA	NA	NA	NA
737	TDSS_035	Sham	Metamizol	15	21.2	103.4	0	NA	NA	NA	NA	NA	NA	NA	NA	NA
738	TDSS_035	Sham	Metamizol	16	21.4	104.4	0	NA	NA	NA	NA	NA	NA	NA	NA	NA
739	TDSS_035	Sham	Metamizol	17	21.3	103.9	0	NA	NA	NA	NA	NA	NA	NA	NA	NA
740	TDSS_035	Sham	Metamizol	18	21.4	104.4	0	NA	NA	NA	NA	NA	NA	NA	NA	NA
741	TDSS_035	Sham	Metamizol	19	21.4	104.4	0	NA	NA	NA	NA	NA	NA	NA	NA	NA
742	TDSS_035	Sham	Metamizol	20	21.3	103.9	0	NA	NA	NA	NA	NA	NA	NA	NA	NA
743	TDSS_035	Sham	Metamizol	21	21.6	105.4	0	NA	NA	NA	NA	NA	NA	NA	NA	NA
744	TDSS_035	Sham	Metamizol	22	21.3	103.9	0	NA	NA	NA	NA	NA	NA	NA	NA	NA
745	TDSS_035	Sham	Metamizol	23	21.9	106.8	0	NA	NA	NA	NA	NA	NA	NA	NA	NA
746	TDSS_035	Sham	Metamizol	24	21.6	105.4	0	NA	NA	NA	NA	NA	NA	NA	NA	NA
747	TDSS_035	Sham	Metamizol	25	21.6	105.4	0	NA	NA	NA	NA	NA	NA	NA	NA	NA
748	TDSS_035	Sham	Metamizol	26	21.7	105.9	0	NA	NA	NA	NA	NA	NA	NA	NA	NA
749	TDSS_035	Sham	Metamizol	27	22.6	110.2	0	NA	NA	NA	NA	NA	NA	NA	NA	NA
750	TDSS_035	Sham	Metamizol	28	22	107.3	0	NA	NA	NA	NA	NA	NA	NA	NA	NA
751	TDSS_036	Sham	Metamizol	-1	20.4	100	0	0.2103125	NA	NA	68.8345227818912	92.0341394025605	NA	NA	NA	NA
752	TDSS_036	Sham	Metamizol	0	19.4	95.1	1	0.11875	0.858333333333333	0.546875	42.8468727534148	100	NA	NA	NA	NA
753	TDSS_036	Sham	Metamizol	1	19.2	94.1	1	0.290625	NA	NA	82.5655563430191	96.243798724309	NA	NA	NA	NA
754	TDSS_036	Sham	Metamizol	2	19.9	97.5	0	0.171875	NA	NA	96.2169878658101	96.2169878658101	NA	NA	NA	NA
755	TDSS_036	Sham	Metamizol	3	19.5	95.6	1	NA	NA	NA	NA	NA	NA	NA	NA	NA
756	TDSS_036	Sham	Metamizol	4	20.1	98.5	0	0.2	NA	NA	74.7670250896057	91.6129032258064	NA	NA	NA	NA
757	TDSS_036	Sham	Metamizol	5	19.5	95.6	1	NA	NA	NA	NA	NA	NA	NA	NA	NA
758	TDSS_036	Sham	Metamizol	6	20	98	0	0.125	NA	NA	NA	NA	NA	NA	NA	NA
759	TDSS_036	Sham	Metamizol	7	19.9	97.5	0	NA	NA	NA	87.7130681818182	95.5965909090909	NA	NA	NA	NA
760	TDSS_036	Sham	Metamizol	8	20.3	99.5	0	NA	NA	NA	NA	NA	NA	NA	NA	NA
761	TDSS_036	Sham	Metamizol	9	20.6	101	0	NA	NA	NA	NA	NA	NA	NA	NA	NA
762	TDSS_036	Sham	Metamizol	10	20.5	100.5	0	NA	NA	NA	NA	NA	NA	NA	NA	NA
763	TDSS_036	Sham	Metamizol	11	20.4	100	0	NA	NA	NA	NA	NA	NA	NA	NA	NA
764	TDSS_036	Sham	Metamizol	12	20.1	98.5	0	NA	NA	NA	NA	NA	NA	NA	NA	NA
765	TDSS_036	Sham	Metamizol	13	21.2	103.9	0	NA	NA	NA	NA	NA	NA	NA	NA	NA
766	TDSS_036	Sham	Metamizol	14	21.3	104.4	0	NA	NA	NA	NA	NA	NA	NA	NA	NA
767	TDSS_036	Sham	Metamizol	15	21.3	104.4	0	NA	NA	NA	NA	NA	NA	NA	NA	NA
768	TDSS_036	Sham	Metamizol	16	21.4	104.9	0	NA	NA	NA	NA	NA	NA	NA	NA	NA
769	TDSS_036	Sham	Metamizol	17	20.7	101.5	0	NA	NA	NA	NA	NA	NA	NA	NA	NA
770	TDSS_036	Sham	Metamizol	18	21.2	103.9	0	NA	NA	NA	NA	NA	NA	NA	NA	NA
771	TDSS_036	Sham	Metamizol	19	21.4	104.9	0	NA	NA	NA	NA	NA	NA	NA	NA	NA
772	TDSS_036	Sham	Metamizol	20	21.7	106.4	0	NA	NA	NA	NA	NA	NA	NA	NA	NA
773	TDSS_036	Sham	Metamizol	21	21.1	103.4	0	NA	NA	NA	NA	NA	NA	NA	NA	NA
774	TDSS_036	Sham	Metamizol	22	21.1	103.4	0	NA	NA	NA	NA	NA	NA	NA	NA	NA
775	TDSS_036	Sham	Metamizol	23	21.6	105.9	0	NA	NA	NA	NA	NA	NA	NA	NA	NA
776	TDSS_036	Sham	Metamizol	24	21.8	106.9	0	NA	NA	NA	NA	NA	NA	NA	NA	NA
777	TDSS_036	Sham	Metamizol	25	21.6	105.9	0	NA	NA	NA	NA	NA	NA	NA	NA	NA
778	TDSS_036	Sham	Metamizol	26	21.8	106.9	0	NA	NA	NA	NA	NA	NA	NA	NA	NA
779	TDSS_036	Sham	Metamizol	27	21.6	105.9	0	NA	NA	NA	NA	NA	NA	NA	NA	NA
780	TDSS_036	Sham	Metamizol	28	22.1	108.3	0	NA	NA	NA	NA	NA	NA	NA	NA	NA
781	TDSS_037	Sham	Metamizol	-1	17.9	100	0	0.146875	NA	NA	70.8900449032674	94.2463766415254	NA	NA	NA	NA
782	TDSS_037	Sham	Metamizol	0	17.5	97.8	0	0.148214285714286	0.7125	0.35	57.1224051539012	92.7702219040802	NA	NA	NA	NA
783	TDSS_037	Sham	Metamizol	1	17.9	100	0	0.0375	NA	NA	100	100	NA	NA	NA	NA
784	TDSS_037	Sham	Metamizol	2	18.3	102.2	0	0.303125	NA	NA	82.5806451612903	93.7634408602151	NA	NA	NA	NA
785	TDSS_037	Sham	Metamizol	3	18.1	101.1	0	NA	NA	NA	NA	NA	NA	NA	NA	NA
786	TDSS_037	Sham	Metamizol	4	18.1	101.1	0	0.15	NA	NA	76.9618430525558	100	NA	NA	NA	NA
787	TDSS_037	Sham	Metamizol	5	18.4	102.8	0	NA	NA	NA	NA	NA	NA	NA	NA	NA
788	TDSS_037	Sham	Metamizol	6	18.9	105.6	0	0.0875	NA	NA	NA	NA	NA	NA	NA	NA
789	TDSS_037	Sham	Metamizol	7	19.2	107.3	0	NA	NA	NA	82.1937321937322	100	NA	NA	NA	NA
790	TDSS_037	Sham	Metamizol	8	18.6	103.9	0	NA	NA	NA	NA	NA	NA	NA	NA	NA
791	TDSS_037	Sham	Metamizol	9	18.6	103.9	0	NA	NA	NA	NA	NA	NA	NA	NA	NA
792	TDSS_037	Sham	Metamizol	10	19.2	107.3	0	NA	NA	NA	NA	NA	NA	NA	NA	NA
793	TDSS_037	Sham	Metamizol	11	19.3	107.8	0	NA	NA	NA	NA	NA	NA	NA	NA	NA
794	TDSS_037	Sham	Metamizol	12	20	111.7	0	NA	NA	NA	NA	NA	NA	NA	NA	NA
795	TDSS_037	Sham	Metamizol	13	19.6	109.5	0	NA	NA	NA	NA	NA	NA	NA	NA	NA
796	TDSS_037	Sham	Metamizol	14	20.1	112.3	0	NA	NA	NA	NA	NA	NA	NA	NA	NA
797	TDSS_037	Sham	Metamizol	15	20.2	112.8	0	NA	NA	NA	NA	NA	NA	NA	NA	NA
798	TDSS_037	Sham	Metamizol	16	20.4	114	0	NA	NA	NA	NA	NA	NA	NA	NA	NA
799	TDSS_037	Sham	Metamizol	17	20.3	113.4	0	NA	NA	NA	NA	NA	NA	NA	NA	NA
800	TDSS_037	Sham	Metamizol	18	20.4	114	0	NA	NA	NA	NA	NA	NA	NA	NA	NA
801	TDSS_037	Sham	Metamizol	19	20.3	113.4	0	NA	NA	NA	NA	NA	NA	NA	NA	NA
802	TDSS_037	Sham	Metamizol	20	20	111.7	0	NA	NA	NA	NA	NA	NA	NA	NA	NA
803	TDSS_037	Sham	Metamizol	21	20.3	113.4	0	NA	NA	NA	NA	NA	NA	NA	NA	NA
804	TDSS_037	Sham	Metamizol	22	20.3	113.4	0	NA	NA	NA	NA	NA	NA	NA	NA	NA
805	TDSS_037	Sham	Metamizol	23	20.3	113.4	0	NA	NA	NA	NA	NA	NA	NA	NA	NA
806	TDSS_037	Sham	Metamizol	24	20.5	114.5	0	NA	NA	NA	NA	NA	NA	NA	NA	NA
807	TDSS_037	Sham	Metamizol	25	21	117.3	0	NA	NA	NA	NA	NA	NA	NA	NA	NA
808	TDSS_037	Sham	Metamizol	26	20.3	113.4	0	NA	NA	NA	NA	NA	NA	NA	NA	NA
809	TDSS_037	Sham	Metamizol	27	21	117.3	0	NA	NA	NA	NA	NA	NA	NA	NA	NA
810	TDSS_037	Sham	Metamizol	28	21	117.3	0	NA	NA	NA	NA	NA	NA	NA	NA	NA
811	TDSS_038	Sham	Metamizol	-1	20	100	0	0.08	NA	NA	69.7102721685689	95.9286117067868	NA	NA	NA	NA
812	TDSS_038	Sham	Metamizol	0	18.9	94.5	1	0.05625	0.891428571428571	0.440625	21.81947405828	90.1208244491827	NA	NA	NA	NA
813	TDSS_038	Sham	Metamizol	1	18.9	94.5	1	0.025	NA	NA	73.2142857142857	92.2857142857143	NA	NA	NA	NA
814	TDSS_038	Sham	Metamizol	2	19.1	95.5	1	0.06875	NA	NA	64.0569395017794	100	NA	NA	NA	NA
815	TDSS_038	Sham	Metamizol	3	19.4	97	0	NA	NA	NA	NA	NA	NA	NA	NA	NA
816	TDSS_038	Sham	Metamizol	4	19.7	98.5	0	0.025	NA	NA	77.4658027357811	98.2721382289417	NA	NA	NA	NA
817	TDSS_038	Sham	Metamizol	5	19.2	96	1	NA	NA	NA	NA	NA	NA	NA	NA	NA
818	TDSS_038	Sham	Metamizol	6	19.8	99	0	0.0625	NA	NA	NA	NA	NA	NA	NA	NA
819	TDSS_038	Sham	Metamizol	7	20.1	100.5	0	NA	NA	NA	64.3162393162393	100	NA	NA	NA	NA
820	TDSS_038	Sham	Metamizol	8	20	100	0	NA	NA	NA	NA	NA	NA	NA	NA	NA
821	TDSS_038	Sham	Metamizol	9	20.2	101	0	NA	NA	NA	NA	NA	NA	NA	NA	NA
822	TDSS_038	Sham	Metamizol	10	19.9	99.5	0	NA	NA	NA	NA	NA	NA	NA	NA	NA
823	TDSS_038	Sham	Metamizol	11	20.2	101	0	NA	NA	NA	NA	NA	NA	NA	NA	NA
824	TDSS_038	Sham	Metamizol	12	20.5	102.5	0	NA	NA	NA	NA	NA	NA	NA	NA	NA
825	TDSS_038	Sham	Metamizol	13	20.8	104	0	NA	NA	NA	NA	NA	NA	NA	NA	NA
826	TDSS_038	Sham	Metamizol	14	20.1	100.5	0	NA	NA	NA	NA	NA	NA	NA	NA	NA
827	TDSS_038	Sham	Metamizol	15	20.7	103.5	0	NA	NA	NA	NA	NA	NA	NA	NA	NA
828	TDSS_038	Sham	Metamizol	16	21.1	105.5	0	NA	NA	NA	NA	NA	NA	NA	NA	NA
829	TDSS_038	Sham	Metamizol	17	20.9	104.5	0	NA	NA	NA	NA	NA	NA	NA	NA	NA
830	TDSS_038	Sham	Metamizol	18	21	105	0	NA	NA	NA	NA	NA	NA	NA	NA	NA
831	TDSS_038	Sham	Metamizol	19	20.9	104.5	0	NA	NA	NA	NA	NA	NA	NA	NA	NA
832	TDSS_038	Sham	Metamizol	20	20.7	103.5	0	NA	NA	NA	NA	NA	NA	NA	NA	NA
833	TDSS_038	Sham	Metamizol	21	20.6	103	0	NA	NA	NA	NA	NA	NA	NA	NA	NA
834	TDSS_038	Sham	Metamizol	22	20.6	103	0	NA	NA	NA	NA	NA	NA	NA	NA	NA
835	TDSS_038	Sham	Metamizol	23	21	105	0	NA	NA	NA	NA	NA	NA	NA	NA	NA
836	TDSS_038	Sham	Metamizol	24	21.1	105.5	0	NA	NA	NA	NA	NA	NA	NA	NA	NA
837	TDSS_038	Sham	Metamizol	25	21.5	107.5	0	NA	NA	NA	NA	NA	NA	NA	NA	NA
838	TDSS_038	Sham	Metamizol	26	21	105	0	NA	NA	NA	NA	NA	NA	NA	NA	NA
839	TDSS_038	Sham	Metamizol	27	20.3	101.5	0	NA	NA	NA	NA	NA	NA	NA	NA	NA
840	TDSS_038	Sham	Metamizol	28	21.3	106.5	0	NA	NA	NA	NA	NA	NA	NA	NA	NA
